Demand;SolarGen;Wind
2.70246;0.0;0.115
2.66626;0.0;0.107
3.46014;0.0;0.09699999999999999
3.16384;0.0;0.091
5.29007;0.0;0.08
9.07163;0.0;0.07400000000000001
11.89131;0.11699999999999999;0.067
9.72395;0.32899999999999996;0.040999999999999995
13.18476;0.503;0.038
13.21313;0.622;0.044000000000000004
16.80026;0.6829999999999999;0.051
13.94926;0.6940000000000001;0.054000000000000006
16.93347;0.645;0.053
13.25581;0.56;0.053
17.46013;0.425;0.055
17.14835;0.243;0.057999999999999996
20.24538;0.059;0.057999999999999996
28.008640000000003;0.0;0.078
35.79067;0.0;0.07200000000000001
48.28137;0.0;0.049
39.45117;0.0;0.03
18.47726;0.0;0.04
9.0737;0.0;0.08800000000000001
3.70535;0.0;0.151
1.91536;0.0;0.208
1.69023;0.0;0.253
2.56982;0.0;0.27399999999999997
2.4862;0.0;0.28800000000000003
5.32881;0.0;0.30000000000000004
5.03719;0.0;0.315
9.68502;0.105;0.302
6.822539999999999;0.29;0.375
8.5288;0.451;0.426
11.90841;0.5650000000000001;0.34500000000000003
10.97423;0.629;0.26899999999999996
13.523420000000002;0.649;0.21899999999999997
13.24109;0.639;0.19
11.74615;0.5690000000000001;0.16699999999999998
14.28583;0.43799999999999994;0.158
12.42687;0.261;0.17
13.67313;0.069;0.17400000000000002
21.02501;0.0;0.23199999999999998
31.56815;0.0;0.315
30.58748;0.0;0.379
25.14533;0.0;0.42200000000000004
10.76496;0.0;0.413
8.78257;0.0;0.425
3.37652;0.0;0.445
2.51775;0.0;0.462
2.76368;0.0;0.475
2.69394;0.0;0.49
2.97753;0.0;0.524
5.88464;0.0;0.547
7.32206;0.0;0.557
12.02329;0.12;0.518
8.14612;0.319;0.631
11.57292;0.477;0.612
11.13353;0.607;0.535
12.89158;0.675;0.44799999999999995
13.85351;0.7010000000000001;0.39
14.25314;0.6679999999999999;0.35200000000000004
13.29509;0.589;0.318
16.5366;0.45899999999999996;0.298
14.350420000000002;0.281;0.28400000000000003
18.09696;0.079;0.22399999999999998
23.16751;0.0;0.22
35.33766;0.0;0.28
36.01467;0.0;0.361
32.70688;0.0;0.434
13.06612;0.0;0.486
9.87685;0.0;0.48200000000000004
3.39265;0.0;0.518
2.78198;0.0;0.561
2.79111;0.0;0.593
2.71727;0.0;0.603
2.49635;0.0;0.598
5.5572599999999985;0.0;0.596
7.226310000000002;0.001;0.596
11.55095;0.135;0.5870000000000001
10.71104;0.335;0.7490000000000001
11.67197;0.49700000000000005;0.713
11.24116;0.623;0.598
12.38118;0.6930000000000001;0.46399999999999997
14.10175;0.7020000000000001;0.35100000000000003
14.22197;0.664;0.251
12.13553;0.578;0.187
12.90962;0.435;0.161
13.63931;0.253;0.161
13.74561;0.065;0.149
32.79912;0.0;0.17400000000000002
37.99155;0.0;0.204
39.34247;0.0;0.23399999999999999
25.05556;0.0;0.28200000000000003
15.2588;0.0;0.341
8.4336;0.0;0.389
3.19195;0.0;0.42700000000000005
2.63776;0.0;0.44799999999999995
2.5674;0.0;0.449
3.08525;0.0;0.44799999999999995
2.55214;0.0;0.44
6.00938;0.0;0.434
7.28348;0.0;0.43
10.00155;0.124;0.382
8.70624;0.331;0.424
12.24412;0.5;0.415
11.55254;0.631;0.33299999999999996
14.11647;0.662;0.268
14.077979999999998;0.6729999999999999;0.231
13.86135;0.648;0.195
15.81315;0.5760000000000001;0.162
14.74818;0.451;0.141
12.82034;0.273;0.12300000000000001
17.05462;0.073;0.098
28.27003;0.0;0.119
41.28188;0.0;0.159
41.21156;0.0;0.213
31.55696;0.0;0.266
14.16136;0.0;0.28600000000000003
7.58188;0.0;0.28800000000000003
4.00284;0.0;0.325
2.83203;0.0;0.35000000000000003
2.8359;0.0;0.34500000000000003
2.88863;0.0;0.34500000000000003
3.1595;0.0;0.373
6.09051;0.0;0.389
8.723889999999999;0.0;0.39899999999999997
11.22081;0.125;0.439
10.52492;0.33299999999999996;0.639
10.13707;0.502;0.608
12.0379;0.64;0.511
13.34909;0.6990000000000001;0.419
17.97504;0.708;0.35000000000000003
14.1828;0.6679999999999999;0.306
14.33035;0.581;0.28400000000000003
14.87343;0.445;0.275
13.3796;0.265;0.272
20.58437;0.07100000000000001;0.23
25.61003;0.0;0.23199999999999998
37.79531;0.0;0.266
41.08934;0.0;0.289
35.22877000000001;0.0;0.33
16.28931;0.0;0.354
9.94901;0.0;0.376
3.19497;0.0;0.4
2.98775;0.0;0.41700000000000004
3.3227300000000004;0.0;0.42200000000000004
3.19392;0.0;0.418
2.6227;0.0;0.42200000000000004
7.94902;0.0;0.434
6.59565;0.001;0.452
13.47669;0.145;0.43200000000000005
8.52203;0.35700000000000004;0.5730000000000001
11.10782;0.524;0.578
12.87413;0.637;0.498
15.92986;0.6980000000000001;0.41
15.46961;0.7120000000000001;0.37
16.70306;0.677;0.35200000000000004
13.24783;0.599;0.35000000000000003
15.63156;0.47;0.359
14.06444;0.28700000000000003;0.34800000000000003
19.90608;0.08199999999999999;0.268
30.15383;0.0;0.23199999999999998
39.61459;0.0;0.264
44.38935;0.0;0.312
35.12365;0.0;0.37
14.38741;0.0;0.42700000000000005
8.481760000000001;0.0;0.462
3.82849;0.0;0.473
3.05872;0.0;0.45
2.48664;0.0;0.456
3.0055400000000003;0.0;0.462
2.9904900000000003;0.0;0.475
7.505089999999999;0.0;0.486
8.61174;0.001;0.489
11.99092;0.151;0.445
9.95584;0.368;0.631
10.92646;0.537;0.619
10.3195;0.655;0.528
16.1529;0.7140000000000001;0.444
17.21138;0.725;0.382
16.072029999999998;0.6900000000000001;0.33399999999999996
15.54261;0.61;0.304
17.06222;0.48;0.302
13.76522;0.299;0.31
15.91903;0.08600000000000001;0.275
23.91066;0.0;0.28400000000000003
39.93943;0.0;0.331
45.95049;0.0;0.379
31.7662;0.0;0.416
15.93706;0.0;0.424
8.35027;0.0;0.425
3.27176;0.0;0.439
3.55599;0.0;0.45899999999999996
2.9389;0.0;0.477
3.13907;0.0;0.494
3.3456;0.0;0.526
7.3081;0.0;0.555
8.2765;0.001;0.5700000000000001
12.37918;0.159;0.5489999999999999
9.80773;0.375;0.711
11.70104;0.542;0.6559999999999999
15.75009;0.652;0.499
17.02273;0.7090000000000001;0.35000000000000003
19.14389;0.7190000000000001;0.258
15.50981;0.687;0.203
16.351210000000002;0.604;0.17600000000000002
17.0411;0.471;0.17600000000000002
17.61477;0.268;0.19699999999999998
20.77549;0.07100000000000001;0.19699999999999998
27.2045;0.0;0.244
36.93096;0.0;0.321
41.06665;0.0;0.381
40.85275;0.0;0.42700000000000005
16.81815;0.0;0.461
8.75404;0.0;0.465
4.2508300000000006;0.0;0.491
3.17519;0.0;0.514
2.73731;0.0;0.532
3.32955;0.0;0.5529999999999999
2.80687;0.0;0.5650000000000001
6.0061300000000015;0.0;0.5680000000000001
8.5826;0.0;0.5640000000000001
11.912;0.107;0.6940000000000001
9.75125;0.304;0.7390000000000001
12.25409;0.478;0.6859999999999999
14.27589;0.621;0.606
16.115070000000006;0.6930000000000001;0.539
14.83661;0.7020000000000001;0.472
15.12069;0.66;0.416
16.04477;0.5760000000000001;0.377
15.71011;0.442;0.354
17.36451;0.261;0.33899999999999997
21.02202;0.068;0.26899999999999996
26.96654;0.0;0.23399999999999999
36.75701;0.0;0.278
42.95681;0.0;0.34900000000000003
30.30878;0.0;0.43
15.581129999999998;0.0;0.477
10.45009;0.0;0.546
4.12405;0.0;0.6000000000000001
2.70143;0.0;0.624
2.54798;0.0;0.636
2.4323200000000003;0.0;0.652
2.95839;0.0;0.654
7.04202;0.0;0.629
6.78832;0.001;0.6459999999999999
12.35587;0.132;0.66
9.08216;0.34299999999999997;0.6980000000000001
10.38721;0.514;0.6559999999999999
11.17489;0.624;0.604
15.25315;0.684;0.579
16.98258;0.6910000000000001;0.5730000000000001
15.20225;0.645;0.544
15.37858;0.556;0.501
15.1792;0.418;0.466
15.50607;0.237;0.40399999999999997
17.84693;0.057;0.27
28.48159;0.0;0.21
31.08263;0.0;0.239
38.67656;0.0;0.29100000000000004
31.05925;0.0;0.34500000000000003
18.41993;0.0;0.39399999999999996
8.441;0.0;0.445
4.04594;0.0;0.49200000000000005
2.50887;0.0;0.521
2.50193;0.0;0.537
2.64739;0.0;0.557
3.07552;0.0;0.578
5.37838;0.0;0.589
7.120489999999998;0.0;0.589
11.56497;0.121;0.588
8.707189999999999;0.32799999999999996;0.684
8.49795;0.502;0.619
12.39842;0.645;0.532
13.46084;0.705;0.433
12.11971;0.718;0.36200000000000004
15.45213;0.6809999999999999;0.317
11.9407;0.601;0.28400000000000003
16.18897;0.47;0.258
14.366970000000002;0.28800000000000003;0.228
20.75176;0.08;0.17400000000000002
26.91208;0.0;0.18100000000000002
33.63368;0.0;0.21899999999999997
38.96047;0.0;0.266
29.87287;0.0;0.321
13.593179999999998;0.0;0.363
8.3204;0.0;0.39899999999999997
3.10904;0.0;0.444
2.99668;0.0;0.477
2.33851;0.0;0.48100000000000004
3.08874;0.0;0.465
2.57545;0.0;0.44799999999999995
6.49871;0.0;0.435
7.20713;0.001;0.433
12.8575;0.15;0.395
9.15344;0.365;0.436
9.25174;0.534;0.375
11.84028;0.652;0.249
14.303920000000002;0.711;0.156
13.23399;0.72;0.103
10.27132;0.679;0.07400000000000001
13.01198;0.593;0.057999999999999996
13.32499;0.46299999999999997;0.059
14.78624;0.28700000000000003;0.079
20.20766;0.083;0.111
23.69725;0.0;0.184
37.43033;0.0;0.233
37.65293;0.0;0.271
31.025540000000003;0.0;0.304
12.5934;0.0;0.33
9.14272;0.0;0.34500000000000003
3.01378;0.0;0.364
3.04639;0.0;0.389
2.87498;0.0;0.415
3.37699;0.0;0.41700000000000004
3.19366;0.0;0.39
6.29063;0.0;0.364
10.63386;0.001;0.315
11.80564;0.14300000000000002;0.252
8.600010000000001;0.358;0.187
8.970130000000003;0.526;0.055
12.4679;0.636;0.002
15.62226;0.6980000000000001;0.002
14.70355;0.711;0.002
16.296039999999998;0.669;0.005
14.71273;0.585;0.013999999999999999
14.50175;0.444;0.03
16.01574;0.263;0.037000000000000005
21.75527;0.07;0.057999999999999996
26.02324;0.0;0.096
42.69172;0.0;0.08
43.3404;0.0;0.038
32.37576;0.0;0.01
14.97884;0.0;0.003
7.99043;0.0;0.008
3.09278;0.0;0.03
3.18256;0.0;0.052000000000000005
2.30003;0.0;0.06
2.50726;0.0;0.048
2.70244;0.0;0.024
5.45159;0.0;0.006999999999999999
8.640410000000001;0.001;0.001
12.8495;0.119;0.002
8.49421;0.322;0.002
12.11833;0.493;0.001
13.82633;0.632;0.001
14.530870000000002;0.6940000000000001;0.004
12.12684;0.7010000000000001;0.009000000000000001
14.21821;0.6459999999999999;0.012
11.66325;0.542;0.013999999999999999
15.91083;0.396;0.015
11.56143;0.226;0.017
17.32219;0.061;0.023
23.83881;0.0;0.045
31.55487;0.0;0.042
36.06351;0.0;0.035
29.07702;0.0;0.031
14.66242;0.0;0.021
7.439539999999999;0.0;0.009000000000000001
3.99832;0.0;0.003
2.33666;0.0;0.003
2.95782;0.0;0.01
2.57832;0.0;0.02
2.2797400000000003;0.0;0.023
6.7659;0.0;0.023
9.70901;0.001;0.026
10.53844;0.134;0.027999999999999997
8.246839999999999;0.341;0.019
10.67896;0.51;0.023
12.37691;0.624;0.032
13.36038;0.687;0.05
11.40419;0.7010000000000001;0.063
15.77479;0.657;0.066
13.81801;0.578;0.065
14.97437;0.44799999999999995;0.069
13.792979999999998;0.258;0.078
15.04905;0.068;0.08
25.51818;0.0;0.104
36.25751;0.0;0.11
37.33363;0.0;0.109
26.88371;0.0;0.122
17.95291;0.0;0.153
9.24687;0.0;0.192
3.57646;0.0;0.228
2.33344;0.0;0.252
2.1537900000000003;0.0;0.261
2.35181;0.0;0.252
2.3526700000000003;0.0;0.23199999999999998
4.89466;0.0;0.212
7.10687;0.001;0.208
9.51881;0.145;0.19399999999999998
6.26425;0.359;0.172
7.939189999999999;0.519;0.298
11.65989;0.62;0.336
15.58204;0.6679999999999999;0.331
13.48952;0.6809999999999999;0.302
12.00854;0.66;0.267
12.42712;0.59;0.23
15.06585;0.46299999999999997;0.205
15.6858;0.28600000000000003;0.18
17.06156;0.083;0.12300000000000001
27.59271;0.0;0.109
32.46068;0.0;0.121
46.95222;0.0;0.151
28.47772;0.0;0.19899999999999998
14.867920000000002;0.0;0.252
7.343610000000001;0.0;0.306
3.719;0.0;0.36200000000000004
2.94479;0.0;0.407
2.7417700000000003;0.0;0.42200000000000004
2.87422;0.0;0.429
2.85936;0.0;0.419
7.10575;0.0;0.41
7.7641300000000015;0.001;0.415
10.84083;0.151;0.387
9.47983;0.358;0.413
10.53794;0.525;0.429
11.11107;0.632;0.38299999999999995
15.32299;0.6960000000000001;0.353
15.9101;0.7090000000000001;0.34400000000000003
14.68682;0.6709999999999999;0.354
11.68144;0.5920000000000001;0.373
17.26546;0.46;0.387
15.33081;0.27899999999999997;0.376
18.26659;0.077;0.271
24.37212;0.0;0.208
36.27279;0.0;0.198
38.81106;0.0;0.208
33.10119;0.0;0.259
14.41789;0.0;0.35200000000000004
8.83191;0.0;0.441
3.54322;0.0;0.46799999999999997
2.24624;0.0;0.45899999999999996
2.9535;0.0;0.426
2.82625;0.0;0.39799999999999996
2.25569;0.0;0.364
6.777589999999999;0.0;0.324
7.41812;0.001;0.28400000000000003
11.42604;0.14200000000000002;0.206
9.27351;0.35600000000000004;0.129
9.84906;0.52;0.28400000000000003
12.4221;0.64;0.34900000000000003
13.46214;0.7010000000000001;0.373
12.53663;0.7140000000000001;0.35600000000000004
13.52275;0.672;0.31
13.9139;0.5740000000000001;0.251
17.21199;0.425;0.201
12.75011;0.237;0.157
13.0976;0.062;0.09
33.31021;0.0;0.073
39.65734000000001;0.0;0.07200000000000001
43.48872;0.0;0.09699999999999999
29.721770000000006;0.0;0.172
13.8611;0.0;0.27399999999999997
8.55216;0.0;0.366
3.4768800000000004;0.0;0.42200000000000004
2.88835;0.0;0.43799999999999994
2.80917;0.0;0.42200000000000004
2.7418400000000003;0.0;0.392
2.91116;0.0;0.342
6.18077;0.0;0.289
10.03795;0.001;0.244
10.46128;0.13699999999999998;0.182
9.9883;0.353;0.10099999999999999
11.65002;0.523;0.078
14.73674;0.628;0.065
13.97132;0.6910000000000001;0.07200000000000001
13.89509;0.706;0.076
13.09209;0.682;0.076
14.1617;0.608;0.08
12.85553;0.48;0.092
14.97153;0.30000000000000004;0.11
15.69204;0.09;0.11
24.78541;0.0;0.12300000000000001
33.33611;0.0;0.10800000000000001
41.84417;0.0;0.07200000000000001
31.40533;0.0;0.040999999999999995
16.8031;0.0;0.022000000000000002
8.63565;0.0;0.022000000000000002
3.92917;0.0;0.036000000000000004
2.90372;0.0;0.057999999999999996
2.87839;0.0;0.076
2.64462;0.0;0.08800000000000001
2.46998;0.0;0.08800000000000001
5.45625;0.0;0.08
6.893160000000001;0.002;0.078
12.61126;0.156;0.064
9.26858;0.377;0.026
9.84347;0.545;0.017
10.24448;0.657;0.028999999999999998
13.13824;0.7170000000000001;0.039
12.38173;0.728;0.04
14.18685;0.68;0.036000000000000004
12.63725;0.5529999999999999;0.032
14.61602;0.396;0.028999999999999998
13.6902;0.25;0.027000000000000003
17.3955;0.079;0.031
28.678490000000004;0.0;0.048
35.00564;0.0;0.042
37.56295;0.0;0.027999999999999997
27.95793;0.0;0.025
15.67982;0.0;0.046
9.01714;0.0;0.08199999999999999
3.07831;0.0;0.127
2.72468;0.0;0.166
2.47064;0.0;0.18600000000000003
2.87011;0.0;0.193
2.03745;0.0;0.19699999999999998
5.0225;0.0;0.19699999999999998
7.37304;0.002;0.19899999999999998
9.45653;0.163;0.173
7.21778;0.381;0.107
9.04365;0.55;0.138
11.19752;0.664;0.173
14.71804;0.7240000000000001;0.17500000000000002
14.30483;0.735;0.145
13.18004;0.7000000000000001;0.109
11.32282;0.616;0.077
12.10777;0.48100000000000004;0.054000000000000006
11.90324;0.297;0.042
15.93129;0.08600000000000001;0.035
23.26211;0.0;0.05
27.69019;0.0;0.047
25.65298;0.0;0.02
30.48683;0.0;0.001
10.68837;0.0;0.0
8.17389;0.0;0.001
3.29029;0.0;0.008
2.39972;0.0;0.03
2.28251;0.0;0.049
3.2591900000000003;0.0;0.054000000000000006
2.94639;0.0;0.043
5.57646;0.0;0.027999999999999997
7.451910000000002;0.001;0.017
10.64649;0.099;0.005
9.52502;0.292;0.001
10.67496;0.469;0.013999999999999999
9.6551;0.5660000000000001;0.033
12.33158;0.601;0.05
14.16067;0.599;0.057999999999999996
11.62768;0.609;0.055
10.32896;0.5700000000000001;0.048
12.79495;0.44799999999999995;0.040999999999999995
12.03192;0.27;0.033
16.8159;0.076;0.031
23.72276;0.0;0.043
30.70745;0.0;0.027999999999999997
32.05616;0.0;0.008
25.54473;0.0;0.0
12.42953;0.0;0.0
6.7779;0.0;0.0
2.71347;0.0;0.004
2.83106;0.0;0.026
2.8061700000000003;0.0;0.055999999999999994
2.95868;0.0;0.075
2.4038;0.0;0.069
6.91872;0.0;0.054000000000000006
8.59191;0.001;0.047
9.776;0.104;0.043
9.13437;0.26899999999999996;0.049
9.24671;0.44;0.084
12.33695;0.5820000000000001;0.09300000000000001
13.85277;0.647;0.09699999999999999
14.87909;0.639;0.095
13.49266;0.5720000000000001;0.08700000000000001
13.152220000000002;0.478;0.077
16.54063;0.36;0.067
16.125429999999998;0.214;0.063
16.22193;0.059;0.051
26.43277;0.0;0.057999999999999996
42.17729;0.0;0.061
39.92891;0.0;0.059
26.38864;0.0;0.055
13.84468;0.0;0.062
7.181780000000002;0.0;0.081
3.3782300000000003;0.0;0.104
2.19861;0.0;0.126
2.84461;0.0;0.149
2.43072;0.0;0.165
2.65453;0.0;0.162
6.35124;0.0;0.141
6.72243;0.001;0.11199999999999999
13.1123;0.115;0.073
8.89697;0.31;0.044000000000000004
10.8704;0.474;0.073
11.28777;0.581;0.07100000000000001
13.04327;0.628;0.07
13.03742;0.6509999999999999;0.068
14.8009;0.627;0.064
11.44128;0.557;0.059
13.83869;0.435;0.057999999999999996
14.62506;0.255;0.06
15.04808;0.069;0.052000000000000005
21.42875;0.0;0.061
34.43703;0.0;0.05
43.7932;0.0;0.027999999999999997
26.18717;0.0;0.009000000000000001
13.20961;0.0;0.002
8.43455;0.0;0.002
3.74174;0.0;0.01
2.74063;0.0;0.031
2.5543;0.0;0.049
2.5059;0.0;0.06
2.74267;0.0;0.06
4.79925;0.0;0.055
7.3518;0.001;0.044000000000000004
11.70852;0.114;0.022000000000000002
7.091;0.335;0.0
8.967;0.516;0.0
10.13726;0.624;0.001
10.77996;0.6779999999999999;0.003
17.41591;0.6859999999999999;0.005
14.81366;0.645;0.006
12.9445;0.5680000000000001;0.006999999999999999
13.34278;0.43799999999999994;0.01
13.75631;0.262;0.015
18.02828;0.07200000000000001;0.024
25.57741;0.0;0.055
34.85349;0.0;0.067
36.74141;0.0;0.057999999999999996
26.20904;0.0;0.045
10.7521;0.0;0.039
8.20779;0.0;0.042
3.22335;0.0;0.047
2.91764;0.0;0.048
2.38599;0.0;0.043
2.29967;0.0;0.031
2.46328;0.0;0.016
5.89806;0.0;0.004
7.598789999999998;0.001;0.0
10.332;0.07;0.0
8.30509;0.18;0.0
9.61437;0.259;0.0
11.67105;0.35000000000000003;0.0
13.38849;0.45299999999999996;0.0
14.07124;0.542;0.0
14.67264;0.5529999999999999;0.0
13.59723;0.495;0.0
13.98285;0.364;0.0
13.66838;0.201;0.0
16.626820000000002;0.053;0.006
21.24112;0.0;0.032
37.17043;0.0;0.042
38.39933;0.0;0.027999999999999997
28.724290000000003;0.0;0.012
15.26458;0.0;0.003
7.01765;0.0;0.002
3.47385;0.0;0.006999999999999999
2.0125;0.0;0.017
2.2185200000000003;0.0;0.02
2.15639;0.0;0.013999999999999999
2.48055;0.0;0.006999999999999999
5.41662;0.0;0.003
7.74083;0.002;0.008
8.6381;0.129;0.009000000000000001
8.51807;0.324;0.003
9.96587;0.484;0.019
12.45124;0.61;0.027000000000000003
12.49461;0.674;0.028999999999999998
13.04113;0.6910000000000001;0.032
12.00615;0.66;0.031
11.70698;0.579;0.024
11.24131;0.44799999999999995;0.021
13.4543;0.273;0.022000000000000002
14.37839;0.079;0.03
23.52808;0.0;0.052000000000000005
31.49221;0.0;0.061
26.8342;0.0;0.045
23.60805;0.0;0.024
13.14761;0.0;0.01
7.9384;0.0;0.006
3.25378;0.0;0.006
2.70301;0.0;0.006
2.54471;0.0;0.005
2.47709;0.0;0.004
2.88351;0.0;0.002
5.5245;0.0;0.003
7.46382;0.001;0.006
10.79383;0.07100000000000001;0.013
9.69527;0.184;0.032
9.58208;0.295;0.08
10.46052;0.39899999999999997;0.109
13.64113;0.478;0.109
13.73294;0.5640000000000001;0.09300000000000001
14.00159;0.529;0.068
13.892320000000002;0.501;0.040999999999999995
16.17849;0.415;0.022000000000000002
11.00371;0.252;0.013
18.80228;0.07100000000000001;0.006999999999999999
18.6577;0.0;0.006
35.36094;0.0;0.003
30.44032;0.0;0.0
28.54188;0.0;0.0
13.511820000000002;0.0;0.0
7.360239999999999;0.0;0.0
3.11594;0.0;0.0
2.29126;0.0;0.001
2.6567;0.0;0.001
2.86211;0.0;0.001
2.50163;0.0;0.002
4.863569999999998;0.0;0.008
7.6977;0.001;0.025
9.4804;0.092;0.044000000000000004
7.2112;0.255;0.053
8.49438;0.41;0.064
9.98899;0.51;0.08900000000000001
13.66384;0.5579999999999999;0.106
14.22948;0.56;0.099
12.00276;0.525;0.076
13.116129999999998;0.456;0.048
13.45169;0.35000000000000003;0.023
13.690829999999998;0.214;0.005
15.58401;0.065;0.0
22.67323;0.0;0.001
35.50902;0.0;0.003
36.44786;0.0;0.01
27.58734;0.0;0.036000000000000004
15.40857;0.0;0.091
7.565069999999999;0.0;0.151
4.05233;0.0;0.19899999999999998
2.66183;0.0;0.222
2.58103;0.0;0.222
2.84819;0.0;0.223
2.65738;0.0;0.221
5.5616900000000005;0.0;0.19699999999999998
7.3856899999999985;0.001;0.156
12.01949;0.098;0.106
9.20152;0.24100000000000002;0.07
10.19126;0.353;0.011000000000000001
11.32521;0.423;0.0
13.11578;0.484;0.001
15.190220000000002;0.494;0.01
13.34672;0.44299999999999995;0.017
12.93056;0.33799999999999997;0.013
13.430829999999998;0.236;0.006999999999999999
14.01688;0.145;0.003
20.11008;0.044000000000000004;0.003
22.1623;0.0;0.011000000000000001
33.67949;0.0;0.012
40.05117;0.0;0.005
26.93688;0.0;0.003
16.9199;0.0;0.009000000000000001
9.59314;0.0;0.031
3.44552;0.0;0.053
2.50328;0.0;0.049
2.67347;0.0;0.036000000000000004
2.9101;0.0;0.036000000000000004
2.79281;0.0;0.052000000000000005
5.6565699999999985;0.0;0.07
7.51575;0.001;0.076
9.0003;0.076;0.081
8.83624;0.208;0.131
11.2765;0.336;0.107
10.12094;0.42;0.077
14.53382;0.477;0.057
13.20889;0.512;0.044000000000000004
11.97028;0.511;0.040999999999999995
11.7338;0.429;0.051
13.146120000000002;0.299;0.07
15.46256;0.161;0.08900000000000001
19.55806;0.040999999999999995;0.081
25.89873;0.0;0.08
37.53744;0.0;0.083
46.39523;0.0;0.068
28.341890000000006;0.0;0.049
17.45192;0.0;0.042
7.61258;0.0;0.052000000000000005
3.83432;0.0;0.068
2.30673;0.0;0.085
2.81777;0.0;0.078
3.0862;0.0;0.067
3.01154;0.0;0.066
5.88769;0.0;0.066
8.086310000000001;0.001;0.066
11.9895;0.1;0.106
9.38315;0.27;0.215
10.05863;0.423;0.155
14.749620000000002;0.523;0.098
16.2319;0.5820000000000001;0.079
13.12001;0.601;0.07200000000000001
14.03804;0.561;0.068
14.45255;0.48200000000000004;0.066
13.59252;0.35200000000000004;0.061
14.0162;0.20199999999999999;0.048
19.98837;0.053;0.035
28.67892;0.0;0.037000000000000005
33.73704;0.0;0.051
42.06569;0.0;0.077
33.621179999999995;0.0;0.119
15.54286;0.0;0.146
8.59649;0.0;0.159
3.22276;0.0;0.19399999999999998
2.91646;0.0;0.237
2.99102;0.0;0.259
3.3955900000000003;0.0;0.257
3.15827;0.0;0.235
5.77804;0.0;0.213
8.58276;0.001;0.184
12.60934;0.104;0.161
9.08438;0.305;0.16699999999999998
10.82986;0.484;0.08199999999999999
12.72353;0.629;0.062
15.29054;0.6910000000000001;0.073
15.91926;0.6980000000000001;0.09300000000000001
16.00791;0.631;0.114
16.2786;0.523;0.132
16.87857;0.39;0.147
15.32296;0.233;0.157
17.9445;0.062;0.149
29.5938;0.0;0.14400000000000002
43.03708;0.0;0.17800000000000002
47.60048;0.0;0.215
28.4313;0.0;0.268
17.64487;0.0;0.324
8.987910000000003;0.0;0.364
4.18046;0.0;0.35100000000000003
3.4614199999999995;0.0;0.359
3.4170800000000003;0.0;0.377
2.75776;0.0;0.381
3.2839;0.0;0.36200000000000004
7.23106;0.0;0.33399999999999996
9.20808;0.002;0.312
12.66487;0.12;0.31
10.73745;0.32299999999999995;0.428
9.19235;0.494;0.35600000000000004
12.3854;0.613;0.26899999999999996
16.29665;0.669;0.221
14.29301;0.68;0.21600000000000003
15.96164;0.6409999999999999;0.226
16.40843;0.5650000000000001;0.247
14.77026;0.44299999999999995;0.271
17.37771;0.28;0.305
19.1611;0.08600000000000001;0.307
27.68669;0.0;0.306
35.78732;0.0;0.379
47.66848;0.0;0.43200000000000005
30.33198;0.0;0.45899999999999996
17.96171;0.0;0.48
8.87969;0.0;0.498
3.67638;0.0;0.51
2.21255;0.0;0.52
2.08865;0.0;0.539
2.12623;0.0;0.5660000000000001
1.89202;0.0;0.585
5.03257;0.0;0.581
7.02813;0.002;0.5730000000000001
9.68451;0.138;0.535
8.26131;0.34400000000000003;0.778
7.46002;0.513;0.794
8.90312;0.637;0.738
11.45308;0.6950000000000001;0.6679999999999999
9.60531;0.7000000000000001;0.598
9.90531;0.6609999999999999;0.536
9.70794;0.5700000000000001;0.486
14.08765;0.43700000000000006;0.45
10.024;0.255;0.43799999999999994
17.45059;0.066;0.382
18.96525;0.0;0.336
27.80823;0.0;0.445
27.47089;0.0;0.5489999999999999
21.86899;0.0;0.5630000000000001
10.74893;0.0;0.5700000000000001
7.320889999999999;0.0;0.607
3.3440199999999995;0.0;0.6659999999999999
2.91295;0.0;0.715
3.00164;0.0;0.73
2.76998;0.0;0.727
2.70868;0.0;0.715
6.329;0.0;0.6890000000000001
8.65028;0.002;0.647
12.63092;0.12;0.562
8.94864;0.319;0.812
13.41871;0.491;0.865
13.68314;0.647;0.84
14.94666;0.7090000000000001;0.785
16.34287;0.72;0.7290000000000001
14.70854;0.67;0.687
15.28827;0.579;0.652
16.175179999999994;0.42700000000000005;0.603
15.39086;0.171;0.521
17.21523;0.039;0.384
28.83107;0.0;0.278
36.09368;0.0;0.289
46.74812;0.0;0.363
31.83093;0.0;0.452
17.5595;0.0;0.475
8.82294;0.0;0.457
3.91234;0.0;0.467
3.39977;0.0;0.496
2.9442;0.0;0.515
2.90018;0.0;0.519
2.77908;0.0;0.502
6.60962;0.0;0.456
8.88913;0.002;0.39799999999999996
12.14335;0.134;0.331
8.01773;0.337;0.49200000000000005
11.91564;0.502;0.503
14.01177;0.647;0.45899999999999996
13.83464;0.7010000000000001;0.425
14.76845;0.705;0.382
14.52556;0.645;0.336
17.5142;0.55;0.294
15.19377;0.40299999999999997;0.265
12.72367;0.22;0.239
19.76549;0.055;0.17600000000000002
31.96391;0.0;0.152
33.74378;0.0;0.166
40.85511;0.0;0.2
31.34111;0.0;0.251
16.23389;0.0;0.31
8.43936;0.0;0.359
3.26848;0.0;0.402
2.36421;0.0;0.42
2.50525;0.0;0.418
2.37143;0.0;0.41
2.0004;0.0;0.39
6.31601;0.0;0.365
7.80892;0.002;0.34800000000000003
9.68928;0.113;0.31
10.08803;0.308;0.486
10.18915;0.48200000000000004;0.478
11.79411;0.598;0.416
14.3379;0.655;0.35200000000000004
12.78896;0.667;0.312
12.88628;0.6409999999999999;0.28200000000000003
13.75854;0.552;0.26
15.23373;0.419;0.25
14.41675;0.244;0.248
16.25796;0.067;0.207
24.63281;0.0;0.203
29.553490000000004;0.0;0.251
43.5608;0.0;0.30000000000000004
28.24228;0.0;0.373
15.69636;0.0;0.43700000000000006
8.22671;0.0;0.477
3.11977;0.0;0.501
3.03826;0.0;0.518
2.77068;0.0;0.522
2.84564;0.0;0.514
2.92069;0.0;0.472
6.74096;0.0;0.408
9.1038;0.003;0.34400000000000003
13.123829999999998;0.139;0.25
10.79027;0.34800000000000003;0.326
11.13464;0.52;0.377
15.03761;0.635;0.355
16.94829;0.672;0.342
16.24103;0.6629999999999999;0.318
14.337179999999998;0.597;0.28600000000000003
14.1514;0.514;0.254
14.91146;0.391;0.23399999999999999
14.56881;0.22899999999999998;0.238
19.7531;0.067;0.223
29.1971;0.0;0.247
35.4156;0.0;0.364
44.55656;0.0;0.486
32.02038;0.0;0.5529999999999999
16.012970000000006;0.0;0.5660000000000001
8.3093;0.0;0.5640000000000001
4.26348;0.0;0.5640000000000001
3.26762;0.0;0.5660000000000001
2.80459;0.0;0.5479999999999999
3.21321;0.0;0.511
2.89762;0.0;0.475
5.82149;0.0;0.446
8.3511;0.002;0.419
12.64853;0.103;0.35000000000000003
10.55619;0.263;0.439
9.43484;0.42100000000000004;0.48200000000000004
15.12151;0.5730000000000001;0.444
15.30093;0.667;0.385
14.50721;0.7010000000000001;0.32799999999999996
14.24224;0.669;0.27399999999999997
13.2746;0.596;0.222
16.76268;0.467;0.185
13.86677;0.28800000000000003;0.155
20.7648;0.08700000000000001;0.109
27.11595;0.0;0.08900000000000001
31.69564;0.0;0.076
47.37305;0.0;0.073
28.33038;0.0;0.095
16.86599;0.0;0.133
10.06701;0.0;0.183
3.93157;0.0;0.247
2.95658;0.0;0.305
2.63937;0.0;0.354
2.49379;0.0;0.37
2.71489;0.0;0.363
6.179130000000002;0.0;0.35100000000000003
8.15772;0.003;0.33399999999999996
11.52031;0.15;0.262
8.88645;0.36200000000000004;0.289
10.06034;0.532;0.39299999999999996
10.5139;0.645;0.34500000000000003
10.89981;0.7030000000000001;0.28500000000000003
12.00232;0.711;0.237
15.05331;0.675;0.191
13.02272;0.591;0.14800000000000002
18.65641;0.45399999999999996;0.12
16.78845;0.271;0.109
16.92279;0.077;0.08600000000000001
26.08352;0.0;0.09300000000000001
35.31015;0.0;0.139
33.34623;0.0;0.217
32.07117;0.0;0.322
16.64216;0.0;0.405
9.03052;0.0;0.451
4.1662300000000005;0.0;0.469
2.16435;0.0;0.471
2.57648;0.0;0.46799999999999997
2.60735;0.0;0.44299999999999995
2.28148;0.0;0.407
5.18542;0.0;0.373
7.41367;0.003;0.368
10.87318;0.132;0.34800000000000003
7.380730000000002;0.341;0.605
9.9451;0.516;0.66
11.84606;0.639;0.581
11.10751;0.7070000000000001;0.48100000000000004
14.20135;0.7240000000000001;0.395
12.66027;0.6809999999999999;0.316
12.33762;0.597;0.248
13.44226;0.462;0.207
14.60067;0.28;0.201
14.881470000000002;0.085;0.171
21.21078;0.0;0.161
35.33039;0.0;0.207
28.06068;0.0;0.27399999999999997
27.33633;0.0;0.363
16.5348;0.0;0.42100000000000004
7.411339999999999;0.0;0.452
2.9481;0.0;0.465
3.19042;0.0;0.45899999999999996
3.11299;0.0;0.471
3.00749;0.0;0.49200000000000005
2.60144;0.0;0.491
6.779210000000001;0.0;0.46799999999999997
9.07201;0.003;0.499
11.3491;0.152;0.489
11.06987;0.359;0.6930000000000001
9.61532;0.523;0.742
15.21048;0.659;0.675
15.745079999999998;0.7290000000000001;0.5680000000000001
15.53051;0.7440000000000001;0.43700000000000006
16.71061;0.7120000000000001;0.325
14.34373;0.63;0.254
13.70831;0.49700000000000005;0.222
15.53665;0.313;0.209
23.37825;0.10099999999999999;0.185
31.60801;0.0;0.201
33.967220000000005;0.0;0.315
42.89345;0.0;0.445
35.48116;0.0;0.52
15.06594;0.0;0.5589999999999999
8.692169999999999;0.0;0.591
4.04114;0.0;0.613
2.65601;0.0;0.633
2.3037400000000003;0.0;0.652
3.14762;0.0;0.6659999999999999
2.3719900000000003;0.0;0.6709999999999999
5.82863;0.0;0.616
7.56533;0.003;0.633
11.85317;0.157;0.72
9.10202;0.373;0.899
10.51445;0.547;0.877
13.16392;0.672;0.805
11.85634;0.7290000000000001;0.6970000000000001
14.76739;0.735;0.5820000000000001
15.78559;0.68;0.48200000000000004
14.88265;0.591;0.408
16.65183;0.451;0.369
13.82381;0.268;0.364
16.28518;0.077;0.33399999999999996
28.18996;0.0;0.331
34.11538;0.0;0.442
45.26917;0.0;0.524
32.443220000000004;0.0;0.5670000000000001
16.5103;0.0;0.5730000000000001
8.04841;0.0;0.588
3.16089;0.0;0.606
2.24359;0.0;0.629
2.40035;0.0;0.6459999999999999
2.3795900000000003;0.0;0.6579999999999999
2.37093;0.0;0.6659999999999999
5.02515;0.0;0.633
6.69124;0.003;0.605
8.6849;0.128;0.636
7.615539999999998;0.335;0.804
9.99118;0.512;0.767
9.76304;0.64;0.68
13.54994;0.708;0.5579999999999999
11.38027;0.716;0.434
12.85669;0.636;0.336
11.17313;0.562;0.264
15.136870000000002;0.436;0.223
16.86642;0.254;0.2
15.97155;0.069;0.163
22.22458;0.0;0.195
27.43782;0.0;0.27699999999999997
35.69465;0.0;0.35700000000000004
30.94326;0.0;0.416
13.67761;0.0;0.413
6.90627;0.0;0.395
3.52911;0.0;0.39799999999999996
2.9622;0.0;0.381
2.1379200000000003;0.0;0.35200000000000004
2.63293;0.0;0.33399999999999996
3.00956;0.0;0.32299999999999995
5.80216;0.0;0.319
7.049010000000001;0.002;0.324
11.234000000000002;0.102;0.34400000000000003
8.17569;0.294;0.507
9.89474;0.472;0.479
9.96867;0.604;0.396
11.80167;0.67;0.324
12.11084;0.68;0.28200000000000003
11.09876;0.604;0.259
10.78463;0.512;0.237
13.60142;0.371;0.214
11.69816;0.196;0.188
13.07248;0.05;0.139
21.8604;0.0;0.14200000000000002
37.19993;0.0;0.182
32.88297;0.0;0.247
24.60957;0.0;0.32299999999999995
13.48264;0.0;0.375
6.94742;0.0;0.416
3.58998;0.0;0.456
2.61233;0.0;0.477
2.28013;0.0;0.49200000000000005
2.91828;0.0;0.5
2.78583;0.0;0.486
5.06265;0.0;0.457
7.8799;0.003;0.413
12.18043;0.12;0.32899999999999996
9.23713;0.308;0.434
10.32406;0.476;0.479
12.47752;0.615;0.45399999999999996
13.52215;0.6940000000000001;0.406
14.30163;0.7120000000000001;0.36
13.21031;0.679;0.32
13.91457;0.599;0.28600000000000003
15.65383;0.467;0.262
15.63126;0.28200000000000003;0.238
17.21868;0.08600000000000001;0.17600000000000002
22.07502;0.0;0.157
28.62181;0.0;0.18
35.14478;0.0;0.225
27.8268;0.0;0.29100000000000004
14.01817;0.0;0.359
8.12953;0.0;0.42200000000000004
3.13204;0.0;0.477
2.29536;0.0;0.501
2.80635;0.0;0.501
2.61009;0.0;0.484
2.81491;0.0;0.45399999999999996
5.42778;0.0;0.40299999999999997
5.9816400000000005;0.004;0.33299999999999996
8.82724;0.16399999999999998;0.242
8.050939999999999;0.382;0.39
7.1421;0.557;0.48
9.35011;0.6779999999999999;0.418
14.231929999999998;0.74;0.32899999999999996
14.97093;0.753;0.247
12.60067;0.7010000000000001;0.182
10.40135;0.62;0.139
13.11045;0.48700000000000004;0.113
12.82534;0.302;0.091
16.93476;0.095;0.061
21.80039;0.0;0.052000000000000005
30.99808;0.0;0.039
37.91297;0.0;0.027000000000000003
23.22176;0.0;0.026
13.5952;0.0;0.039
6.3239800000000015;0.0;0.07400000000000001
2.79884;0.0;0.124
2.62143;0.0;0.171
3.15455;0.0;0.18600000000000003
3.1678900000000003;0.0;0.17800000000000002
3.19685;0.0;0.156
4.77409;0.0;0.138
7.50103;0.004;0.126
8.4321;0.16699999999999998;0.1
9.35557;0.386;0.064
10.3094;0.5589999999999999;0.061
10.48577;0.68;0.054000000000000006
13.98021;0.742;0.051
16.4085;0.755;0.047
14.38483;0.708;0.042
14.90082;0.625;0.039
13.91424;0.49;0.037000000000000005
13.98529;0.303;0.04
15.53266;0.095;0.047
27.16951;0.0;0.07200000000000001
30.9589;0.0;0.067
43.99878;0.0;0.035
26.53035;0.0;0.005
13.28124;0.0;0.0
10.17597;0.0;0.0
3.40827;0.0;0.002
2.6363;0.0;0.015
2.69075;0.0;0.028999999999999998
2.59209;0.0;0.031
2.56676;0.0;0.019
5.6315300000000015;0.0;0.005
8.56278;0.004;0.0
10.39861;0.153;0.0
9.0737;0.36200000000000004;0.0
8.8527;0.531;0.002
12.48118;0.629;0.0
10.31784;0.6950000000000001;0.0
16.51969;0.71;0.0
12.99409;0.655;0.0
13.04963;0.5690000000000001;0.0
10.67205;0.43200000000000005;0.003
14.22027;0.253;0.013999999999999999
17.50858;0.07200000000000001;0.025
17.75512;0.0;0.051
31.31847;0.0;0.052000000000000005
36.15483;0.0;0.027999999999999997
30.14346;0.0;0.006
15.06936;0.0;0.0
8.46593;0.0;0.0
2.8797;0.0;0.0
2.88732;0.0;0.008
3.00993;0.0;0.017
2.7017900000000004;0.0;0.018000000000000002
2.6428700000000003;0.0;0.012
6.27969;0.0;0.006999999999999999
8.65504;0.003;0.002
12.23785;0.124;0.001
8.563080000000001;0.317;0.002
10.89764;0.488;0.0
13.876;0.586;0.0
15.25806;0.657;0.002
11.06285;0.675;0.022000000000000002
14.28075;0.626;0.034
13.46305;0.545;0.042
15.59796;0.415;0.053
17.625220000000006;0.245;0.06
19.159370000000006;0.07100000000000001;0.062
27.67058;0.0;0.067
38.96807;0.0;0.066
42.26043;0.0;0.062
27.32998;0.0;0.07100000000000001
14.29013;0.0;0.094
8.78202;0.0;0.125
4.13949;0.0;0.156
2.48587;0.0;0.179
2.80816;0.0;0.205
2.20094;0.0;0.237
2.02471;0.0;0.26
5.17468;0.0;0.262
8.20622;0.004;0.276
9.36865;0.16;0.264
8.52138;0.37200000000000005;0.27699999999999997
9.07522;0.534;0.342
11.45915;0.637;0.28700000000000003
12.12128;0.6930000000000001;0.247
13.82255;0.706;0.225
12.63395;0.6729999999999999;0.212
10.22069;0.586;0.19699999999999998
12.01767;0.449;0.177
12.79913;0.27;0.151
16.16956;0.085;0.09699999999999999
22.3611;0.0;0.08
34.95374;0.0;0.092
27.75184;0.0;0.13699999999999998
29.027390000000004;0.0;0.21
15.377670000000002;0.0;0.281
6.574439999999999;0.0;0.335
2.92136;0.0;0.38799999999999996
2.3321;0.0;0.42100000000000004
2.51631;0.0;0.436
2.93005;0.0;0.425
2.27617;0.0;0.384
4.5636800000000015;0.0;0.325
6.76824;0.004;0.298
7.85663;0.156;0.247
7.59575;0.368;0.261
10.29716;0.534;0.325
10.96488;0.65;0.28300000000000003
9.96976;0.713;0.247
13.09448;0.723;0.21899999999999997
12.60625;0.6759999999999999;0.192
12.5143;0.588;0.17400000000000002
13.63689;0.45;0.158
13.48187;0.265;0.151
17.81454;0.077;0.11199999999999999
24.57785;0.0;0.104
37.46996;0.0;0.129
29.75644;0.0;0.18600000000000003
24.56153;0.0;0.28700000000000003
15.312170000000002;0.0;0.35200000000000004
6.22841;0.0;0.34800000000000003
3.12516;0.0;0.321
2.93413;0.0;0.308
2.38123;0.0;0.289
2.64129;0.0;0.252
3.24819;0.0;0.195
6.82941;0.0;0.145
10.0001;0.003;0.106
10.08534;0.106;0.067
10.20877;0.289;0.098
9.09219;0.461;0.11
9.75591;0.5760000000000001;0.078
15.37554;0.639;0.065
16.15233;0.655;0.062
14.29222;0.542;0.06
14.68965;0.452;0.055
17.441;0.315;0.047
14.27222;0.161;0.046
15.37684;0.040999999999999995;0.043
27.56019;0.0;0.053
36.4875;0.0;0.045
44.06724000000001;0.0;0.019
27.51769;0.0;0.001
16.97653;0.0;0.001
7.6751;0.0;0.02
2.98485;0.0;0.049
2.30552;0.0;0.07
3.02151;0.0;0.075
2.5087;0.0;0.069
2.74366;0.0;0.061
6.33144;0.0;0.052000000000000005
6.623289999999999;0.003;0.039
10.85799;0.098;0.027000000000000003
8.87208;0.275;0.002
8.984910000000003;0.44799999999999995;0.002
11.74836;0.5740000000000001;0.035
14.68975;0.644;0.091
13.25896;0.66;0.14300000000000002
12.67044;0.594;0.17
14.25469;0.514;0.17
12.82145;0.384;0.152
14.91841;0.21899999999999997;0.127
17.08357;0.064;0.081
23.81314;0.0;0.051
36.08368;0.0;0.025
42.11779;0.0;0.006
26.06278;0.0;0.0
14.4787;0.0;0.001
7.288189999999998;0.0;0.012
3.455;0.0;0.036000000000000004
3.0805700000000003;0.0;0.057999999999999996
3.21524;0.0;0.069
3.20214;0.0;0.063
2.68115;0.0;0.047
7.94872;0.0;0.034
9.21206;0.004;0.027999999999999997
13.36873;0.126;0.019
9.8131;0.319;0.019
11.70664;0.479;0.044000000000000004
13.75307;0.59;0.069
13.46926;0.657;0.095
15.6139;0.6759999999999999;0.119
15.23308;0.64;0.136
17.587239999999998;0.5650000000000001;0.14400000000000002
17.68945;0.43700000000000006;0.15
17.64947;0.239;0.14800000000000002
20.89006;0.07;0.11
31.00307;0.0;0.077
43.60162;0.0;0.052000000000000005
55.63036;0.0;0.026
35.51191;0.0;0.013
17.002860000000002;0.0;0.009000000000000001
8.03156;0.0;0.013999999999999999
4.43816;0.0;0.031
3.27325;0.0;0.047
3.5549699999999995;0.0;0.055999999999999994
3.33957;0.0;0.067
3.12554;0.0;0.073
7.093160000000001;0.0;0.064
9.52814;0.004;0.042
14.31405;0.12;0.019
9.78408;0.29100000000000004;0.0
12.79163;0.434;0.0
15.06664;0.547;0.003
19.867;0.626;0.012
16.319960000000002;0.6459999999999999;0.022000000000000002
18.03678;0.615;0.027999999999999997
13.96484;0.539;0.027000000000000003
16.92941;0.413;0.026
17.045279999999998;0.24600000000000002;0.025
21.4764;0.07400000000000001;0.03
31.91592;0.0;0.064
39.33952;0.0;0.09300000000000001
37.87232;0.0;0.094
34.81402;0.0;0.098
17.12743;0.0;0.124
9.75197;0.0;0.146
4.17796;0.0;0.14400000000000002
2.45461;0.0;0.127
2.69946;0.0;0.111
2.85278;0.0;0.10099999999999999
2.46398;0.0;0.102
5.84251;0.0;0.104
8.50023;0.001;0.102
10.81669;0.063;0.203
8.40922;0.163;0.28600000000000003
9.15221;0.235;0.266
13.7808;0.281;0.203
16.202;0.301;0.157
14.61377;0.292;0.125
12.15294;0.278;0.115
12.67611;0.23399999999999999;0.10800000000000001
14.62954;0.21;0.09699999999999999
12.43967;0.118;0.08800000000000001
18.96201;0.033;0.08
25.46625;0.0;0.091
35.32012;0.0;0.141
42.47564000000001;0.0;0.182
30.02941;0.0;0.187
15.21294;0.0;0.183
7.66268;0.0;0.17600000000000002
3.56075;0.0;0.158
2.08319;0.0;0.13
3.03291;0.0;0.11199999999999999
2.32285;0.0;0.096
2.44496;0.0;0.079
5.0442800000000005;0.0;0.057999999999999996
7.42503;0.001;0.047
11.40798;0.062;0.067
8.036439999999999;0.14300000000000002;0.109
7.87551;0.22;0.1
9.94923;0.31;0.064
12.74536;0.386;0.028999999999999998
14.32495;0.42200000000000004;0.009000000000000001
16.52052;0.405;0.004
13.873120000000002;0.34600000000000003;0.003
14.8821;0.231;0.003
10.51645;0.10099999999999999;0.004
14.10506;0.023;0.006999999999999999
24.96201;0.0;0.01
35.22264000000001;0.0;0.009000000000000001
34.41907;0.0;0.005
27.04715;0.0;0.003
13.4453;0.0;0.002
8.49817;0.0;0.002
3.12974;0.0;0.002
2.76005;0.0;0.001
2.24826;0.0;0.0
2.77815;0.0;0.0
2.95992;0.0;0.0
5.4328699999999985;0.0;0.0
7.05882;0.0;0.0
12.42409;0.034;0.0
9.41409;0.08800000000000001;0.001
8.93109;0.146;0.008
12.204;0.233;0.013
14.79543;0.324;0.008
15.3153;0.39;0.002
12.45997;0.407;0.001
13.71797;0.371;0.0
16.85256;0.28600000000000003;0.0
16.99738;0.158;0.0
17.00185;0.042;0.0
25.90464;0.0;0.0
26.42021;0.0;0.0
41.85428;0.0;0.0
30.24434;0.0;0.0
14.74075;0.0;0.0
7.98694;0.0;0.0
3.74994;0.0;0.0
2.69221;0.0;0.0
2.12815;0.0;0.0
2.23061;0.0;0.0
3.06903;0.0;0.0
5.35435;0.0;0.0
8.36415;0.001;0.0
11.77847;0.05;0.0
7.0541399999999985;0.141;0.0
8.47889;0.249;0.005
12.12803;0.354;0.018000000000000002
12.02565;0.436;0.027000000000000003
15.50942;0.488;0.024
14.97878;0.49;0.017
14.57692;0.45;0.009000000000000001
15.099479999999998;0.34700000000000003;0.005
12.86773;0.201;0.004
15.529370000000002;0.059;0.003
23.11253;0.0;0.002
30.69543;0.0;0.004
33.37867;0.0;0.006999999999999999
29.92952;0.0;0.012
12.65488;0.0;0.019
6.29249;0.0;0.02
2.82982;0.0;0.016
3.42955;0.0;0.01
3.52691;0.0;0.006999999999999999
3.11958;0.0;0.005
2.86651;0.0;0.004
7.59254;0.0;0.005
9.23724;0.004;0.006999999999999999
12.44157;0.11699999999999999;0.008
11.47562;0.302;0.011000000000000001
13.14059;0.46399999999999997;0.02
13.56205;0.624;0.022000000000000002
16.98701;0.669;0.018000000000000002
17.188489999999998;0.6950000000000001;0.012
17.43327;0.611;0.008
17.157220000000002;0.535;0.006
19.98611;0.361;0.006999999999999999
17.86419;0.217;0.006999999999999999
20.64756;0.063;0.009000000000000001
26.77893;0.0;0.009000000000000001
42.79108;0.0;0.012
47.22006;0.0;0.009000000000000001
36.65443;0.0;0.003
17.1024;0.0;0.0
9.34906;0.0;0.0
3.93304;0.0;0.0
2.88271;0.0;0.001
2.45935;0.0;0.002
3.01081;0.0;0.004
3.22098;0.0;0.006
6.42978;0.0;0.006
7.549889999999999;0.004;0.005
12.17189;0.107;0.005
10.14558;0.263;0.002
9.38934;0.35700000000000004;0.0
12.14419;0.389;0.0
15.6781;0.371;0.0
14.7551;0.34;0.0
13.60159;0.309;0.0
13.32925;0.254;0.002
13.95236;0.187;0.008
13.86326;0.114;0.009000000000000001
18.389;0.04;0.012
28.82665;0.0;0.02
28.60136;0.0;0.034
44.70287;0.0;0.034
29.284640000000003;0.0;0.027000000000000003
13.435620000000002;0.0;0.031
8.8787;0.0;0.047
3.70455;0.0;0.057999999999999996
2.52007;0.0;0.068
2.61862;0.0;0.073
2.30885;0.0;0.064
2.91773;0.0;0.044000000000000004
4.7666900000000005;0.0;0.023
6.982539999999998;0.002;0.01
10.14674;0.064;0.005
9.31018;0.172;0.0
9.69148;0.294;0.0
10.02309;0.38299999999999995;0.0
12.0154;0.392;0.0
10.29546;0.33399999999999996;0.001
12.97881;0.309;0.006999999999999999
11.40559;0.27399999999999997;0.011000000000000001
11.64471;0.262;0.015
14.84664;0.17500000000000002;0.023
17.02145;0.055;0.035
23.85903;0.0;0.06
30.45505;0.0;0.08800000000000001
33.75995;0.0;0.08700000000000001
31.20391;0.0;0.083
12.83974;0.0;0.094
7.816510000000001;0.0;0.121
3.4498900000000003;0.0;0.149
2.27431;0.0;0.159
2.31682;0.0;0.146
2.94086;0.0;0.122
2.14148;0.0;0.091
6.79852;0.0;0.067
8.20802;0.006;0.052000000000000005
11.40807;0.14300000000000002;0.045
9.1337;0.331;0.012
8.63922;0.471;0.003
10.32503;0.5710000000000001;0.006999999999999999
14.36591;0.618;0.019
14.59505;0.631;0.035
12.77734;0.61;0.043
11.8305;0.461;0.042
13.81648;0.34600000000000003;0.036000000000000004
14.937120000000002;0.20199999999999999;0.033
18.21533;0.062;0.042
20.77763;0.0;0.079
32.93415;0.0;0.114
41.40071;0.0;0.09
25.61692;0.0;0.052000000000000005
15.88333;0.0;0.047
8.77462;0.0;0.07
3.53176;0.0;0.09
2.69298;0.0;0.09699999999999999
2.50436;0.0;0.09300000000000001
2.61174;0.0;0.08199999999999999
3.02787;0.0;0.066
5.53828;0.0;0.048
7.11775;0.005;0.034
13.20395;0.113;0.031
7.8570600000000015;0.28300000000000003;0.012
8.47287;0.439;0.002
11.06088;0.5650000000000001;0.002
12.80364;0.635;0.006999999999999999
13.05381;0.649;0.015
14.44875;0.589;0.021
12.36849;0.504;0.022000000000000002
14.5361;0.38;0.021
13.96971;0.207;0.021
19.3438;0.057;0.027999999999999997
29.24884;0.0;0.046
35.47356;0.0;0.038
36.62821;0.0;0.019
28.026940000000003;0.0;0.006
16.9991;0.0;0.002
6.7301199999999985;0.0;0.003
3.57605;0.0;0.005
2.8028;0.0;0.008
3.29446;0.0;0.009000000000000001
2.9037900000000003;0.0;0.01
2.8090200000000003;0.0;0.01
4.74877;0.0;0.011000000000000001
9.14573;0.004;0.013999999999999999
11.30182;0.102;0.016
10.90099;0.265;0.017
9.66394;0.424;0.046
13.885879999999998;0.5660000000000001;0.1
15.60772;0.644;0.13
15.36826;0.6559999999999999;0.118
13.04038;0.588;0.08600000000000001
14.36774;0.469;0.047
16.47087;0.317;0.021
16.04816;0.184;0.009000000000000001
22.49967;0.066;0.009000000000000001
26.99091;0.0;0.019
39.22958;0.0;0.016
41.92944;0.0;0.006
32.2544;0.0;0.001
15.21081;0.0;0.006
8.02625;0.0;0.023
3.26209;0.0;0.048
2.8201400000000003;0.0;0.08199999999999999
2.72324;0.0;0.13699999999999998
3.07065;0.0;0.23199999999999998
2.8961900000000003;0.0;0.33399999999999996
6.19912;0.0;0.39799999999999996
9.07033;0.004;0.397
10.36745;0.08600000000000001;0.34400000000000003
9.0815;0.208;0.379
11.29234;0.312;0.371
13.56664;0.385;0.252
13.61941;0.442;0.124
15.941629999999998;0.46;0.045
14.66307;0.41;0.013
15.52776;0.33899999999999997;0.004
15.24999;0.251;0.001
13.46027;0.151;0.0
14.76662;0.049;0.0
28.72479;0.0;0.001
42.69787;0.0;0.002
41.77734;0.0;0.002
26.79229;0.0;0.004
17.18661;0.0;0.005
9.84923;0.0;0.008
3.61811;0.0;0.013999999999999999
2.3016;0.0;0.016
2.14948;0.0;0.013999999999999999
2.38334;0.0;0.013
2.4586;0.0;0.011000000000000001
6.16936;0.0;0.013
7.889660000000001;0.006;0.02
10.36128;0.145;0.027999999999999997
7.398460000000001;0.34700000000000003;0.036000000000000004
8.884310000000003;0.518;0.03
10.06916;0.6659999999999999;0.027000000000000003
12.05062;0.728;0.023
10.56599;0.74;0.022000000000000002
11.58435;0.6940000000000001;0.022000000000000002
12.65511;0.596;0.023
12.21392;0.452;0.023
13.76311;0.266;0.027999999999999997
12.92866;0.09;0.028999999999999998
24.19613;0.0;0.040999999999999995
34.759809999999995;0.0;0.044000000000000004
31.85778;0.0;0.04
27.11173;0.0;0.05
14.52151;0.0;0.08199999999999999
7.05502;0.0;0.11699999999999999
3.08512;0.0;0.14300000000000002
2.88478;0.0;0.166
2.99514;0.0;0.195
2.56724;0.0;0.23199999999999998
2.4899;0.0;0.271
6.34512;0.0;0.307
7.8299;0.009000000000000001;0.34800000000000003
9.25172;0.198;0.306
9.25607;0.416;0.382
9.98618;0.584;0.368
12.60058;0.6960000000000001;0.289
15.71826;0.755;0.24
15.57157;0.767;0.19899999999999998
11.18241;0.73;0.163
10.21906;0.649;0.134
14.88093;0.517;0.111
14.91863;0.33399999999999996;0.103
17.49398;0.122;0.08600000000000001
21.37313;0.0;0.08800000000000001
33.42862;0.0;0.119
37.92751;0.0;0.165
30.9606;0.0;0.238
16.06244;0.0;0.302
7.975519999999999;0.0;0.33799999999999997
3.22092;0.0;0.366
2.75259;0.0;0.38299999999999995
2.56558;0.0;0.381
2.52713;0.0;0.382
2.67793;0.0;0.39
6.25511;0.0;0.39
8.21782;0.008;0.35700000000000004
13.44685;0.182;0.239
10.15394;0.39799999999999996;0.195
9.82551;0.5640000000000001;0.203
11.86731;0.6890000000000001;0.156
15.6051;0.748;0.126
15.00257;0.759;0.104
13.562270000000002;0.725;0.091
14.62182;0.647;0.084
16.39549;0.516;0.08
15.78755;0.33299999999999996;0.07400000000000001
17.84199;0.12;0.052000000000000005
32.23458;0.0;0.034
34.27057;0.0;0.013
41.33184;0.0;0.001
27.32692;0.0;0.0
13.34102;0.0;0.018000000000000002
8.86588;0.0;0.057999999999999996
3.09106;0.0;0.091
2.28276;0.0;0.09699999999999999
2.53806;0.0;0.08
2.85682;0.0;0.057999999999999996
2.49642;0.0;0.035
5.48656;0.0;0.018000000000000002
7.31061;0.006999999999999999;0.006999999999999999
11.6657;0.156;0.001
10.13514;0.361;0.003
11.15911;0.535;0.016
13.39692;0.6459999999999999;0.026
12.34359;0.7040000000000001;0.028999999999999998
11.72363;0.7170000000000001;0.027999999999999997
13.67701;0.6940000000000001;0.023
11.75468;0.615;0.013999999999999999
11.64123;0.486;0.015
12.91361;0.312;0.019
16.13694;0.10800000000000001;0.024
20.40609;0.0;0.043
28.80381;0.0;0.055999999999999994
40.16737;0.0;0.044000000000000004
21.7941;0.0;0.026
13.33479;0.0;0.024
9.15802;0.0;0.038
2.8001;0.0;0.064
2.31965;0.0;0.08600000000000001
2.63539;0.0;0.095
2.44763;0.0;0.091
3.01002;0.0;0.078
5.45857;0.0;0.061
8.25863;0.008;0.043
11.08669;0.149;0.028999999999999998
9.62528;0.34;0.005
12.0736;0.483;0.002
12.48239;0.5740000000000001;0.0
9.34293;0.628;0.0
9.6688;0.611;0.002
14.10304;0.511;0.037000000000000005
13.28976;0.43799999999999994;0.067
13.47975;0.309;0.07100000000000001
17.28814;0.162;0.059
18.83606;0.053;0.042
26.16923;0.0;0.042
30.70527;0.0;0.055999999999999994
37.5154;0.0;0.053
36.3818;0.0;0.04
15.329679999999998;0.0;0.032
7.84899;0.0;0.033
3.5525800000000003;0.0;0.037000000000000005
2.13951;0.0;0.036000000000000004
2.34265;0.0;0.027000000000000003
2.87121;0.0;0.012
2.4899400000000003;0.0;0.002
5.29429;0.0;0.0
6.87855;0.005;0.0
11.65541;0.135;0.001
8.27973;0.33299999999999996;0.008
11.45268;0.498;0.037000000000000005
13.21815;0.605;0.076
14.26156;0.6659999999999999;0.11199999999999999
13.05301;0.6859999999999999;0.134
13.70524;0.6679999999999999;0.136
10.90646;0.585;0.126
13.41109;0.447;0.11599999999999999
12.69698;0.256;0.09699999999999999
14.95117;0.081;0.076
21.73355;0.0;0.053
26.96183;0.0;0.052000000000000005
29.60631;0.0;0.034
28.18185;0.0;0.019
12.58429;0.0;0.021
8.18722;0.0;0.038
3.35465;0.0;0.06
2.59033;0.0;0.075
2.57638;0.0;0.085
2.3969400000000003;0.0;0.094
2.74249;0.0;0.105
6.08239;0.0;0.113
6.25624;0.008;0.111
10.23418;0.149;0.114
8.38862;0.315;0.064
9.56293;0.46299999999999997;0.016
11.38455;0.5870000000000001;0.006
13.08224;0.662;0.011000000000000001
11.68027;0.687;0.035
14.26063;0.653;0.07100000000000001
11.7849;0.5760000000000001;0.07200000000000001
14.69297;0.452;0.062
12.84727;0.28600000000000003;0.05
13.9191;0.09699999999999999;0.042
24.36215;0.0;0.047
38.1273;0.0;0.078
38.85476;0.0;0.08700000000000001
25.34933;0.0;0.084
14.17195;0.0;0.085
8.456430000000001;0.0;0.091
3.33859;0.0;0.09300000000000001
3.26796;0.0;0.085
2.49246;0.0;0.078
2.41511;0.0;0.065
2.59818;0.0;0.051
4.65469;0.0;0.040999999999999995
7.43743;0.006;0.035
10.60928;0.106;0.034
9.89418;0.239;0.006
10.49267;0.366;0.0
10.87793;0.483;0.0
13.30361;0.5589999999999999;0.003
13.72892;0.5680000000000001;0.039
10.57639;0.512;0.07100000000000001
12.90879;0.452;0.08600000000000001
12.43697;0.37;0.079
11.12462;0.231;0.051
15.89321;0.078;0.032
25.4557;0.0;0.036000000000000004
34.66836;0.0;0.048
30.25826;0.0;0.042
26.86738;0.0;0.057999999999999996
12.78331;0.0;0.081
8.49563;0.0;0.099
2.9085400000000003;0.0;0.104
2.7023;0.0;0.092
2.6308;0.0;0.07
2.66989;0.0;0.045
2.42612;0.0;0.027999999999999997
5.522480000000002;0.0;0.017
8.31894;0.006;0.01
10.4076;0.111;0.005
7.1745;0.257;0.0
11.86452;0.401;0.006
12.72801;0.521;0.036000000000000004
14.50017;0.597;0.078
15.72966;0.622;0.121
16.23767;0.61;0.153
14.185579999999998;0.534;0.16899999999999998
14.609470000000002;0.405;0.166
13.94877;0.238;0.141
18.2885;0.077;0.092
25.88224;0.0;0.057999999999999996
28.98652;0.0;0.051
40.60827000000001;0.0;0.03
25.16086;0.0;0.012
14.56284;0.0;0.011000000000000001
8.90657;0.0;0.018000000000000002
3.25209;0.0;0.024
2.4819;0.0;0.027999999999999997
2.45709;0.0;0.026
2.55266;0.0;0.019
2.26824;0.0;0.013999999999999999
5.94872;0.0;0.013
7.13635;0.006999999999999999;0.017
9.51153;0.125;0.017
8.45067;0.314;0.055
9.85799;0.486;0.12
10.42683;0.605;0.158
13.21739;0.6709999999999999;0.17400000000000002
12.01921;0.685;0.18
13.295470000000002;0.6679999999999999;0.184
11.18097;0.58;0.182
13.49642;0.436;0.173
10.8119;0.255;0.157
20.35117;0.08199999999999999;0.107
19.21296;0.0;0.052000000000000005
28.61481;0.0;0.027000000000000003
32.67334;0.0;0.013999999999999999
26.6526;0.0;0.017
12.58403;0.0;0.036000000000000004
8.03757;0.0;0.062
3.10002;0.0;0.083
3.48346;0.0;0.091
3.0720400000000003;0.0;0.08199999999999999
3.04387;0.0;0.063
2.68027;0.0;0.04
7.07057;0.0;0.02
9.19133;0.008;0.01
11.12061;0.14400000000000002;0.003
9.56507;0.342;0.01
12.82815;0.51;0.043
13.39343;0.628;0.064
15.75789;0.6930000000000001;0.068
17.83935;0.708;0.063
15.51475;0.6779999999999999;0.053
14.15066;0.598;0.043
13.16556;0.467;0.035
16.41396;0.294;0.031
19.5742;0.099;0.022000000000000002
37.1207;0.0;0.02
34.65668;0.0;0.025
43.88895;0.0;0.034
36.64804;0.0;0.04
17.890620000000006;0.0;0.051
9.13557;0.0;0.081
3.759430000000001;0.0;0.128
3.20622;0.0;0.156
3.5258;0.0;0.157
3.2911300000000003;0.0;0.135
3.39475;0.0;0.10800000000000001
6.1513;0.0;0.081
8.741389999999999;0.008;0.052000000000000005
12.84922;0.14;0.055
10.69368;0.318;0.012
11.77427;0.456;0.003
15.12756;0.53;0.0
16.11284;0.596;0.0
16.73601;0.617;0.0
16.955779999999994;0.617;0.0
15.42369;0.534;0.0
17.175;0.405;0.009000000000000001
14.48188;0.24100000000000002;0.036000000000000004
19.62366;0.078;0.057999999999999996
27.74994;0.0;0.09699999999999999
33.76409;0.0;0.139
45.01119;0.0;0.139
31.87279;0.0;0.135
16.41036;0.0;0.131
10.49126;0.0;0.126
3.97905;0.0;0.105
3.30915;0.0;0.091
3.0273;0.0;0.09300000000000001
2.82216;0.0;0.107
3.03547;0.0;0.12300000000000001
6.21213;0.0;0.13
8.65889;0.006999999999999999;0.132
11.33491;0.104;0.21100000000000002
7.449210000000001;0.24600000000000002;0.21600000000000003
10.40382;0.31;0.127
11.80366;0.376;0.047
12.53816;0.408;0.027999999999999997
15.19668;0.409;0.022000000000000002
13.97781;0.408;0.025
15.39174;0.40299999999999997;0.036000000000000004
16.169;0.34800000000000003;0.059
15.41894;0.22899999999999998;0.083
16.18176;0.075;0.119
24.73755;0.0;0.151
32.78158;0.0;0.182
40.24964;0.0;0.17600000000000002
31.92545;0.0;0.159
13.52764;0.0;0.14800000000000002
7.894939999999999;0.0;0.139
3.3483300000000003;0.0;0.126
2.55871;0.0;0.124
2.7276;0.0;0.139
2.81071;0.0;0.134
2.8043400000000003;0.0;0.12300000000000001
5.72863;0.0;0.111
9.45108;0.005;0.102
13.78727;0.091;0.115
9.85196;0.218;0.109
10.12119;0.324;0.069
11.33806;0.409;0.032
13.8811;0.444;0.009000000000000001
14.28291;0.429;0.0
12.05895;0.392;0.0
14.69919;0.327;0.02
14.76518;0.207;0.096
15.37952;0.105;0.14400000000000002
19.74534;0.028999999999999998;0.17400000000000002
26.619840000000003;0.0;0.192
33.14956;0.0;0.185
40.72985;0.0;0.162
34.16507;0.0;0.133
15.03885;0.0;0.129
9.66236;0.0;0.11699999999999999
3.55227;0.0;0.11
2.64308;0.0;0.118
3.18116;0.0;0.13
2.43994;0.0;0.138
2.33393;0.0;0.14
5.153;0.0;0.138
8.85517;0.008;0.131
10.00842;0.141;0.149
10.93226;0.327;0.128
10.89689;0.42700000000000005;0.053
12.65041;0.509;0.011000000000000001
11.99786;0.5630000000000001;0.0
15.13098;0.5750000000000001;0.0
13.95367;0.532;0.0
12.12134;0.495;0.006
14.34991;0.376;0.07100000000000001
13.1848;0.22699999999999998;0.129
16.18412;0.076;0.256
30.51268;0.0;0.36200000000000004
31.6753;0.0;0.379
37.91121;0.0;0.34
32.34471;0.0;0.28400000000000003
16.278879999999994;0.0;0.276
7.224069999999998;0.0;0.267
3.75837;0.0;0.245
3.19887;0.0;0.231
2.87847;0.0;0.22399999999999998
3.35525;0.0;0.23
3.08918;0.0;0.23199999999999998
6.93165;0.0;0.233
9.41793;0.006999999999999999;0.244
12.22028;0.124;0.34
9.98809;0.264;0.35000000000000003
12.56798;0.36700000000000005;0.281
13.197;0.444;0.2
15.94699;0.532;0.135
14.76508;0.5740000000000001;0.08800000000000001
16.13055;0.5730000000000001;0.059
16.52261;0.491;0.044000000000000004
16.654529999999998;0.34600000000000003;0.06
16.378020000000006;0.17;0.121
20.6147;0.053;0.192
25.30271;0.0;0.261
41.62509;0.0;0.278
39.11978;0.0;0.244
38.26589;0.0;0.21600000000000003
17.735970000000005;0.0;0.19899999999999998
11.57327;0.0;0.19699999999999998
4.5599300000000005;0.0;0.201
2.17082;0.0;0.162
2.61747;0.0;0.132
2.2769;0.0;0.14300000000000002
2.58573;0.0;0.166
5.36094;0.0;0.17600000000000002
8.046669999999999;0.006;0.195
11.16274;0.107;0.354
7.75007;0.28400000000000003;0.411
10.42931;0.4;0.34900000000000003
11.66025;0.44;0.256
13.54952;0.444;0.17600000000000002
13.75144;0.44299999999999995;0.111
14.50535;0.425;0.064
13.47587;0.366;0.059
15.14901;0.26;0.065
16.08103;0.15;0.119
17.86807;0.053;0.17
24.48028;0.0;0.203
33.4107;0.0;0.19699999999999998
33.36935;0.0;0.165
22.23566;0.0;0.13
13.68645;0.0;0.10800000000000001
5.81056;0.0;0.1
2.98641;0.0;0.10099999999999999
2.65686;0.0;0.092
2.52727;0.0;0.07100000000000001
2.8964;0.0;0.053
3.14387;0.0;0.044000000000000004
7.01254;0.0;0.040999999999999995
8.02122;0.008;0.045
10.73063;0.107;0.09300000000000001
9.50488;0.238;0.08600000000000001
12.30072;0.278;0.057999999999999996
12.96247;0.276;0.047
13.1986;0.252;0.018000000000000002
15.55349;0.239;0.001
15.59597;0.207;0.001
14.979920000000002;0.195;0.006999999999999999
18.57661;0.17400000000000002;0.009000000000000001
15.46667;0.114;0.006999999999999999
21.413970000000006;0.038;0.012
26.8854;0.0;0.045
37.16984;0.0;0.106
45.18171;0.0;0.149
26.45638;0.0;0.153
14.70809;0.0;0.135
9.11547;0.0;0.119
3.73702;0.0;0.12
2.1868;0.0;0.131
2.45271;0.0;0.14800000000000002
2.61951;0.0;0.16699999999999998
2.59985;0.0;0.17600000000000002
5.39283;0.0;0.172
7.13858;0.011000000000000001;0.163
10.02911;0.156;0.24
8.20681;0.34500000000000003;0.247
9.24306;0.45399999999999996;0.102
9.88777;0.48200000000000004;0.028999999999999998
15.45216;0.537;0.013
14.55321;0.5770000000000001;0.017
13.85536;0.534;0.024
12.70009;0.413;0.022000000000000002
14.00134;0.28;0.016
8.467239999999999;0.149;0.017
15.18916;0.047;0.033
22.16542;0.0;0.066
31.77722;0.0;0.12
40.72097;0.0;0.14300000000000002
25.48026;0.0;0.152
11.63642;0.0;0.139
8.3632;0.0;0.11199999999999999
3.08242;0.0;0.104
3.39099;0.0;0.105
2.4384200000000003;0.0;0.104
2.94045;0.0;0.107
2.98593;0.0;0.115
6.5845600000000015;0.0;0.118
9.15961;0.01;0.104
11.68065;0.129;0.125
10.7379;0.261;0.08600000000000001
12.12346;0.299;0.02
13.4235;0.359;0.003
16.4703;0.375;0.002
16.70038;0.375;0.006
13.51494;0.32;0.012
14.52077;0.261;0.026
16.86897;0.191;0.039
13.75845;0.115;0.049
16.28408;0.037000000000000005;0.07200000000000001
27.12131;0.0;0.09699999999999999
35.13938;0.0;0.126
44.27435;0.0;0.134
34.22262;0.0;0.12300000000000001
15.9006;0.0;0.11199999999999999
9.07092;0.0;0.105
3.86207;0.0;0.103
3.0677;0.0;0.102
3.17073;0.0;0.102
3.50265;0.0;0.1
3.2078900000000004;0.0;0.094
8.39855;0.0;0.08199999999999999
9.93028;0.006;0.069
15.26837;0.098;0.081
10.69911;0.244;0.094
13.2327;0.376;0.06
14.09983;0.503;0.027999999999999997
17.52843;0.606;0.008
19.03642;0.614;0.001
14.70079;0.5750000000000001;0.0
17.94435;0.49700000000000005;0.0
19.13254;0.363;0.0
18.14103;0.201;0.012
22.26904;0.064;0.057
31.72006;0.0;0.113
38.6316;0.0;0.138
47.17808;0.0;0.147
37.79174;0.0;0.163
19.76462;0.0;0.165
9.33417;0.0;0.162
4.9237199999999985;0.0;0.153
2.82354;0.0;0.14400000000000002
2.73553;0.0;0.138
2.82135;0.0;0.133
3.30482;0.0;0.14
6.623639999999999;0.0;0.147
8.895589999999997;0.006;0.14300000000000002
12.84889;0.092;0.118
10.23177;0.208;0.1
11.04009;0.308;0.063
14.05732;0.412;0.025
14.14606;0.499;0.005
13.82509;0.5489999999999999;0.001
13.83992;0.527;0.0
16.64805;0.444;0.0
14.65912;0.317;0.0
13.64197;0.182;0.025
19.42589;0.062;0.079
28.799940000000007;0.0;0.132
37.97415;0.0;0.151
37.20253;0.0;0.151
27.85254;0.0;0.162
18.41433;0.0;0.171
8.871410000000003;0.0;0.172
3.41171;0.0;0.163
3.4150400000000003;0.0;0.14300000000000002
2.694;0.0;0.122
3.20972;0.0;0.104
3.17722;0.0;0.08600000000000001
5.63934;0.0;0.068
8.29758;0.009000000000000001;0.059
13.177979999999998;0.129;0.049
9.44519;0.30000000000000004;0.022000000000000002
10.48838;0.451;0.022000000000000002
14.2355;0.534;0.023
13.53951;0.541;0.031
17.039620000000006;0.504;0.048
14.59099;0.483;0.062
15.07543;0.36700000000000005;0.063
14.94454;0.243;0.047
16.33588;0.126;0.018000000000000002
17.51888;0.04;0.003
27.65698;0.0;0.003
38.27817;0.0;0.011000000000000001
38.43048;0.0;0.023
31.15346;0.0;0.022000000000000002
17.478070000000002;0.0;0.01
9.40995;0.0;0.003
3.8168;0.0;0.005
2.06149;0.0;0.021
2.87004;0.0;0.052000000000000005
2.44853;0.0;0.08600000000000001
2.59726;0.0;0.10099999999999999
5.45426;0.0;0.08900000000000001
7.28285;0.009000000000000001;0.064
10.73324;0.11699999999999999;0.034
7.687869999999998;0.273;0.02
10.0942;0.42;0.061
10.96839;0.55;0.083
15.39862;0.608;0.08600000000000001
14.38129;0.608;0.079
13.14202;0.5589999999999999;0.067
11.72272;0.478;0.055
13.46015;0.373;0.043
12.51086;0.235;0.027999999999999997
15.05083;0.085;0.009000000000000001
25.88754;0.001;0.011000000000000001
35.7723;0.0;0.021
38.18354;0.0;0.023
33.33181;0.0;0.02
13.35459;0.0;0.025
6.98675;0.0;0.036000000000000004
2.98334;0.0;0.045
2.949;0.0;0.051
3.11968;0.0;0.053
2.6149400000000003;0.0;0.055999999999999994
3.03983;0.0;0.053
6.38117;0.0;0.046
8.67191;0.01;0.038
10.50413;0.134;0.026
9.97123;0.315;0.012
9.53936;0.477;0.027000000000000003
13.54579;0.606;0.057999999999999996
13.30429;0.67;0.08700000000000001
13.81573;0.684;0.104
15.81753;0.675;0.105
13.656620000000002;0.585;0.099
15.83615;0.451;0.08900000000000001
15.43301;0.28300000000000003;0.076
19.76169;0.104;0.040999999999999995
32.3271;0.001;0.013
35.88839;0.0;0.008
46.17631;0.0;0.006
26.59345;0.0;0.005
15.97707;0.0;0.005
8.27719;0.0;0.008
3.67363;0.0;0.01
2.56728;0.0;0.009000000000000001
2.36235;0.0;0.006
2.9201;0.0;0.003
2.80245;0.0;0.001
5.6219;0.0;0.0
7.03655;0.009000000000000001;0.0
10.04934;0.119;0.0
8.60635;0.28600000000000003;0.004
9.6854;0.43799999999999994;0.0
9.71436;0.607;0.0
13.57004;0.654;0.0
12.34417;0.68;0.001
14.80797;0.665;0.0
12.74177;0.599;0.0
13.951570000000002;0.479;0.0
13.46873;0.313;0.0
16.06214;0.121;0.031
28.51202;0.002;0.11699999999999999
32.91969;0.0;0.212
37.59425;0.0;0.231
24.4121;0.0;0.245
10.23483;0.0;0.19699999999999998
6.41709;0.0;0.19399999999999998
2.9319900000000003;0.0;0.18
2.91218;0.0;0.165
2.84177;0.0;0.155
2.8987;0.0;0.147
2.57329;0.0;0.127
7.41672;0.0;0.113
9.22391;0.006999999999999999;0.11699999999999999
13.46283;0.098;0.209
10.42734;0.217;0.233
12.69177;0.34600000000000003;0.161
12.61887;0.425;0.08600000000000001
16.17452;0.484;0.037000000000000005
15.76474;0.498;0.017
13.81466;0.46399999999999997;0.013999999999999999
16.1172;0.41;0.016
18.94286;0.314;0.025
17.71666;0.172;0.055999999999999994
15.5388;0.055999999999999994;0.119
26.99725;0.0;0.188
40.69093;0.0;0.207
48.93533;0.0;0.173
32.44938;0.0;0.129
17.6607;0.0;0.094
6.9973800000000015;0.0;0.078
4.19578;0.0;0.075
2.36402;0.0;0.079
2.7786;0.0;0.08600000000000001
2.98046;0.0;0.092
2.52104;0.0;0.09699999999999999
6.646089999999999;0.0;0.103
6.3287900000000015;0.011000000000000001;0.103
12.86072;0.151;0.125
9.6206;0.324;0.118
10.7056;0.48100000000000004;0.057
12.39739;0.609;0.019
13.203079999999998;0.682;0.006999999999999999
14.32724;0.7020000000000001;0.003
10.5999;0.664;0.016
15.922020000000002;0.5690000000000001;0.052000000000000005
13.44944;0.426;0.08800000000000001
13.53196;0.226;0.124
16.95174;0.081;0.159
27.12101;0.001;0.183
38.03582;0.0;0.21
44.47223;0.0;0.19699999999999998
31.798890000000004;0.0;0.15
15.92874;0.0;0.105
7.59841;0.0;0.08900000000000001
3.5287300000000004;0.0;0.076
2.54571;0.0;0.063
2.8696;0.0;0.051
2.82312;0.0;0.040999999999999995
2.54247;0.0;0.043
5.87259;0.0;0.048
7.24735;0.006999999999999999;0.052000000000000005
10.77445;0.103;0.062
8.88575;0.24;0.045
8.82434;0.364;0.013
11.20383;0.43700000000000006;0.003
11.9659;0.491;0.004
15.75523;0.509;0.017
12.00647;0.513;0.032
12.45789;0.456;0.044000000000000004
11.10269;0.35200000000000004;0.065
13.75365;0.208;0.104
13.63739;0.079;0.177
20.04935;0.001;0.228
30.29437;0.0;0.252
37.3892;0.0;0.23399999999999999
35.159279999999995;0.0;0.206
13.69071;0.0;0.17600000000000002
8.69633;0.0;0.153
2.9854;0.0;0.156
2.43204;0.0;0.156
2.33276;0.0;0.16
2.38239;0.0;0.156
2.4287;0.0;0.139
5.08151;0.0;0.113
6.457000000000002;0.012;0.091
10.41776;0.14;0.11699999999999999
8.64152;0.309;0.104
8.41641;0.411;0.046
12.18735;0.469;0.01
11.68245;0.494;0.0
13.46361;0.433;0.0
13.47613;0.33899999999999997;0.0
10.61144;0.28600000000000003;0.015
14.44796;0.207;0.019
13.445520000000002;0.13;0.027999999999999997
20.28318;0.047;0.039
23.77711;0.0;0.045
30.502270000000006;0.0;0.055
34.74023;0.0;0.055
25.52055;0.0;0.053
13.51795;0.0;0.034
7.65959;0.0;0.015
3.00108;0.0;0.009000000000000001
2.82974;0.0;0.004
3.17568;0.0;0.0
2.7111400000000003;0.0;0.0
2.786;0.0;0.0
6.738060000000001;0.0;0.0
8.31357;0.006;0.0
11.44406;0.078;0.0
7.797510000000001;0.184;0.001
10.93332;0.36700000000000005;0.031
12.15109;0.52;0.115
13.51263;0.588;0.203
16.50639;0.609;0.24100000000000002
15.35213;0.583;0.22699999999999998
14.927829999999998;0.479;0.185
15.88696;0.34;0.14200000000000002
13.04864;0.2;0.077
16.69015;0.07100000000000001;0.037000000000000005
22.66171;0.001;0.038
28.79236;0.0;0.036000000000000004
34.62892;0.0;0.042
26.69741;0.0;0.064
15.10747;0.0;0.077
7.60755;0.0;0.079
3.44985;0.0;0.084
3.13906;0.0;0.08600000000000001
2.96563;0.0;0.085
2.41276;0.0;0.08
2.9413400000000003;0.0;0.081
7.36471;0.0;0.092
10.50244;0.011000000000000001;0.106
14.02121;0.131;0.136
10.59763;0.336;0.141
11.84819;0.498;0.068
15.63996;0.586;0.037000000000000005
16.60079;0.639;0.021
16.18427;0.654;0.023
16.50406;0.643;0.017
16.466279999999998;0.5680000000000001;0.035
15.08034;0.441;0.047
16.309260000000002;0.271;0.053
18.7171;0.104;0.065
27.73701;0.002;0.08199999999999999
41.32747;0.0;0.103
49.1474;0.0;0.10800000000000001
35.60424000000001;0.0;0.107
19.13792;0.0;0.109
10.19404;0.0;0.12
4.67205;0.0;0.136
2.04548;0.0;0.146
2.72248;0.0;0.146
2.45237;0.0;0.138
2.21679;0.0;0.129
5.35149;0.0;0.127
6.10173;0.013;0.13699999999999998
9.23823;0.158;0.135
8.4518;0.34700000000000003;0.08199999999999999
9.24988;0.504;0.015
10.88996;0.6509999999999999;0.002
12.50618;0.7120000000000001;0.0
12.16592;0.722;0.005
10.74066;0.685;0.024
10.59823;0.579;0.046
11.35719;0.4;0.053
12.23788;0.19699999999999998;0.063
16.415010000000002;0.09300000000000001;0.078
22.4802;0.002;0.08600000000000001
29.76517;0.0;0.073
32.954570000000004;0.0;0.036000000000000004
19.7998;0.0;0.01
13.36889;0.0;0.009000000000000001
7.478860000000001;0.0;0.016
2.55179;0.0;0.015
2.41685;0.0;0.009000000000000001
2.39665;0.0;0.011000000000000001
2.03117;0.0;0.03
2.94869;0.0;0.057999999999999996
6.31596;0.0;0.08700000000000001
7.04264;0.009000000000000001;0.122
10.01284;0.111;0.17600000000000002
8.0394;0.252;0.16899999999999998
10.56465;0.409;0.08800000000000001
11.98015;0.515;0.015
15.29366;0.593;0.003
13.54947;0.613;0.0
13.80385;0.578;0.0
12.6814;0.495;0.001
12.09711;0.354;0.017
12.56956;0.2;0.024
16.70022;0.07200000000000001;0.042
24.72538;0.001;0.085
27.18258;0.0;0.13
38.5212;0.0;0.141
28.7005;0.0;0.139
14.69612;0.0;0.138
7.6813699999999985;0.0;0.133
3.3103;0.0;0.13
2.58498;0.0;0.125
2.747;0.0;0.12
2.13707;0.0;0.115
2.97894;0.0;0.10800000000000001
6.32554;0.0;0.109
7.997219999999999;0.008;0.11
12.12884;0.09;0.16699999999999998
9.48144;0.2;0.185
8.541830000000001;0.292;0.126
14.37018;0.34700000000000003;0.073
11.16115;0.375;0.040999999999999995
13.398079999999998;0.354;0.034
17.06494;0.325;0.037000000000000005
15.47154;0.281;0.063
11.70364;0.221;0.14
13.73617;0.136;0.21899999999999997
17.814120000000006;0.054000000000000006;0.275
26.62355;0.0;0.24100000000000002
32.062020000000004;0.0;0.192
41.22762;0.0;0.166
32.27147;0.0;0.159
16.25047;0.0;0.151
8.90175;0.0;0.154
3.43625;0.0;0.16399999999999998
2.37384;0.0;0.17600000000000002
2.74282;0.0;0.195
2.40003;0.0;0.23199999999999998
2.34979;0.0;0.248
6.2481800000000005;0.0;0.225
8.31423;0.013;0.21899999999999997
9.1604;0.146;0.325
7.8799199999999985;0.325;0.33399999999999996
9.76414;0.485;0.206
10.64904;0.595;0.084
13.5542;0.652;0.019
13.254929999999998;0.675;0.003
14.1701;0.634;0.0
12.19272;0.556;0.0
12.29919;0.42700000000000005;0.04
12.15542;0.264;0.12300000000000001
16.39827;0.096;0.23
29.23287;0.002;0.302
36.72772;0.0;0.31
36.80506;0.0;0.261
27.70227;0.0;0.204
13.609520000000002;0.0;0.14400000000000002
8.53856;0.0;0.103
4.03084;0.0;0.084
2.47288;0.0;0.078
2.51975;0.0;0.073
2.17385;0.0;0.066
2.76762;0.0;0.069
6.0334;0.0;0.07100000000000001
6.876689999999999;0.016;0.079
10.91278;0.172;0.1
9.15681;0.361;0.083
9.36025;0.489;0.047
11.57497;0.586;0.026
11.85887;0.649;0.01
13.41666;0.664;0.0
12.67202;0.628;0.001
11.36805;0.525;0.063
11.1486;0.401;0.115
14.700120000000002;0.21600000000000003;0.171
14.49022;0.083;0.206
24.24752;0.002;0.215
34.29261;0.0;0.209
31.356440000000006;0.0;0.2
22.38817;0.0;0.17600000000000002
15.75987;0.0;0.159
5.89509;0.0;0.145
3.1372400000000003;0.0;0.121
3.06253;0.0;0.1
3.2541;0.0;0.09300000000000001
3.1964200000000003;0.0;0.096
3.00961;0.0;0.105
6.09949;0.0;0.119
9.18376;0.01;0.145
11.75345;0.109;0.272
11.0021;0.248;0.27699999999999997
11.51628;0.384;0.192
14.57504;0.465;0.118
15.368620000000002;0.519;0.08199999999999999
15.51663;0.531;0.066
16.62912;0.501;0.047
17.43802;0.431;0.034
15.16192;0.322;0.036000000000000004
15.60807;0.165;0.04
19.99835;0.055999999999999994;0.047
25.34636;0.0;0.061
39.15917;0.0;0.069
50.20631;0.0;0.062
31.984140000000004;0.0;0.055
15.616179999999998;0.0;0.055
10.58242;0.0;0.055
3.86712;0.0;0.06
2.40519;0.0;0.062
2.86552;0.0;0.06
2.34618;0.0;0.052000000000000005
2.64352;0.0;0.038
5.02384;0.0;0.027000000000000003
6.07715;0.004;0.023
11.13834;0.054000000000000006;0.021
10.2947;0.114;0.023
9.23736;0.17800000000000002;0.015
10.60038;0.245;0.005
12.5568;0.327;0.003
10.45098;0.361;0.006
13.73651;0.354;0.017
13.05064;0.33399999999999996;0.032
16.300929999999994;0.266;0.044000000000000004
14.335820000000002;0.16399999999999998;0.048
14.7456;0.055999999999999994;0.047
24.68869;0.0;0.047
38.26685;0.0;0.064
43.82989;0.0;0.07200000000000001
25.57895;0.0;0.075
14.15862;0.0;0.065
7.872260000000002;0.0;0.063
2.77011;0.0;0.069
2.70575;0.0;0.08
2.7877;0.0;0.08800000000000001
2.8426;0.0;0.09
2.92762;0.0;0.09300000000000001
6.6935;0.0;0.09699999999999999
8.04243;0.008;0.091
8.888689999999997;0.08800000000000001;0.091
8.76561;0.188;0.122
10.2247;0.266;0.10099999999999999
13.07389;0.318;0.068
14.854070000000002;0.331;0.045
13.814379999999998;0.33799999999999997;0.034
15.29558;0.336;0.023
16.80167;0.28800000000000003;0.013999999999999999
12.63564;0.238;0.008
15.00213;0.159;0.006
15.48448;0.064;0.01
26.08657;0.001;0.019
30.1067;0.0;0.024
41.95717;0.0;0.02
28.88943;0.0;0.015
12.45223;0.0;0.013
8.277569999999999;0.0;0.013999999999999999
3.43959;0.0;0.019
2.15526;0.0;0.03
2.58118;0.0;0.05
2.3974;0.0;0.07200000000000001
2.55977;0.0;0.085
5.01905;0.0;0.08800000000000001
8.356869999999999;0.013999999999999999;0.085
10.10029;0.14;0.075
7.5228899999999985;0.258;0.055999999999999994
9.24456;0.331;0.021
11.52189;0.34700000000000003;0.017
13.50327;0.374;0.01
13.172820000000002;0.391;0.01
12.83107;0.337;0.018000000000000002
13.453270000000002;0.28600000000000003;0.022000000000000002
13.73815;0.236;0.021
11.39111;0.157;0.016
15.79586;0.061;0.013999999999999999
23.48758;0.001;0.021
32.709540000000004;0.0;0.032
37.91428;0.0;0.037000000000000005
32.64076;0.0;0.044000000000000004
13.838120000000002;0.0;0.049
7.7454800000000015;0.0;0.053
3.99527;0.0;0.061
2.81414;0.0;0.073
2.46099;0.0;0.091
3.08085;0.0;0.104
2.62404;0.0;0.103
4.9463;0.0;0.092
7.67148;0.006;0.085
12.9252;0.08800000000000001;0.065
8.768139999999999;0.23;0.049
10.57587;0.36200000000000004;0.023
9.66935;0.457;0.006999999999999999
12.10108;0.507;0.002
14.9629;0.512;0.0
13.26842;0.48100000000000004;0.0
14.42505;0.408;0.0
16.28417;0.28400000000000003;0.02
15.10865;0.14300000000000002;0.04
13.578920000000002;0.049;0.07200000000000001
24.73979;0.001;0.1
35.67013;0.0;0.111
42.26275;0.0;0.10099999999999999
29.67731;0.0;0.09300000000000001
17.9285;0.0;0.079
6.65305;0.0;0.07100000000000001
3.4265800000000004;0.0;0.079
1.91605;0.0;0.095
2.91306;0.0;0.109
2.53842;0.0;0.11699999999999999
2.3486700000000003;0.0;0.125
5.06196;0.0;0.134
8.393130000000001;0.01;0.138
10.59077;0.113;0.131
9.93062;0.267;0.124
11.14885;0.36700000000000005;0.064
11.60655;0.411;0.031
14.24355;0.439;0.016
16.3541;0.431;0.011000000000000001
14.9156;0.402;0.013
13.00755;0.307;0.021
15.65919;0.20199999999999999;0.048
16.23195;0.104;0.08900000000000001
18.01314;0.042;0.113
24.48155;0.0;0.11199999999999999
29.67809;0.0;0.1
38.64711;0.0;0.08
27.400440000000003;0.0;0.068
14.40952;0.0;0.064
8.41226;0.0;0.068
3.30692;0.0;0.07100000000000001
3.29886;0.0;0.066
3.28893;0.0;0.066
2.77117;0.0;0.059
2.65126;0.0;0.053
7.1696;0.0;0.037000000000000005
8.2017;0.013;0.019
11.93862;0.132;0.008
11.03137;0.28500000000000003;0.003
12.78545;0.387;0.011000000000000001
13.41514;0.474;0.019
15.8159;0.491;0.023
14.50603;0.409;0.026
15.50616;0.355;0.03
12.61782;0.264;0.039
13.05457;0.196;0.05
16.758760000000002;0.11;0.063
18.76668;0.047;0.069
27.58453;0.0;0.069
39.66968;0.0;0.069
37.46175;0.0;0.057999999999999996
30.16602;0.0;0.052000000000000005
17.6381;0.0;0.055
8.47626;0.0;0.073
3.3658900000000003;0.0;0.104
2.92692;0.0;0.132
2.56135;0.0;0.136
3.07334;0.0;0.105
2.85126;0.0;0.059
4.88776;0.0;0.025
6.945;0.004;0.015
10.31754;0.077;0.017
9.97883;0.209;0.008
10.84537;0.28200000000000003;0.003
12.59192;0.35000000000000003;0.003
12.71342;0.365;0.001
17.0539;0.353;0.0
10.32007;0.318;0.0
11.13939;0.209;0.023
14.15486;0.135;0.048
12.79444;0.07100000000000001;0.042
15.9651;0.024;0.022000000000000002
26.45632;0.0;0.011000000000000001
32.86513;0.0;0.016
43.44411;0.0;0.032
27.80697;0.0;0.042
11.94441;0.0;0.048
8.258410000000001;0.0;0.040999999999999995
3.35155;0.0;0.021
1.68439;0.0;0.006
2.24351;0.0;0.001
2.24172;0.0;0.002
2.33661;0.0;0.017
5.51276;0.0;0.040999999999999995
7.14387;0.012;0.049
8.21499;0.113;0.043
6.47397;0.256;0.048
7.3982100000000015;0.39;0.03
11.34011;0.494;0.02
12.04824;0.55;0.02
13.3507;0.5680000000000001;0.036000000000000004
12.71666;0.531;0.064
9.66174;0.439;0.085
11.10784;0.327;0.08600000000000001
8.72476;0.201;0.07100000000000001
16.36854;0.078;0.059
17.26514;0.002;0.057999999999999996
24.19843;0.0;0.067
36.90868;0.0;0.069
20.26286;0.0;0.069
11.87491;0.0;0.066
5.76579;0.0;0.067
2.9544900000000003;0.0;0.07400000000000001
3.10504;0.0;0.08800000000000001
2.35397;0.0;0.106
3.21069;0.0;0.131
2.85918;0.0;0.157
5.96014;0.0;0.182
10.46588;0.01;0.188
12.29339;0.08600000000000001;0.236
10.91837;0.183;0.314
12.15727;0.26899999999999996;0.28
12.23683;0.307;0.215
15.24075;0.34700000000000003;0.156
16.36511;0.341;0.10800000000000001
16.07408;0.318;0.079
14.29115;0.275;0.068
16.56646;0.203;0.066
15.90526;0.121;0.068
19.50782;0.044000000000000004;0.07400000000000001
25.05211;0.0;0.092
37.04315;0.0;0.122
53.41177;0.0;0.12
33.98738;0.0;0.094
18.34931;0.0;0.065
8.75204;0.0;0.040999999999999995
3.7576;0.0;0.025
2.67658;0.0;0.016
2.45976;0.0;0.012
2.55011;0.0;0.011000000000000001
2.63197;0.0;0.013999999999999999
5.90001;0.0;0.021
8.849089999999997;0.01;0.036000000000000004
9.44631;0.11;0.044000000000000004
10.26939;0.267;0.031
9.35845;0.39;0.006999999999999999
12.1765;0.46799999999999997;0.001
14.76803;0.525;0.0
16.73538;0.545;0.001
13.2026;0.525;0.019
13.86551;0.451;0.037000000000000005
15.92529;0.315;0.062
16.3799;0.16699999999999998;0.08700000000000001
19.21778;0.057;0.102
26.32906;0.001;0.08600000000000001
38.41647;0.0;0.057
46.74697000000001;0.0;0.027000000000000003
26.1236;0.0;0.012
15.7158;0.0;0.006
8.868269999999997;0.0;0.004
3.86619;0.0;0.005
2.62063;0.0;0.008
2.90636;0.0;0.011000000000000001
2.88082;0.0;0.011000000000000001
2.6871400000000003;0.0;0.009000000000000001
5.24262;0.0;0.004
8.66456;0.018000000000000002;0.0
9.68932;0.153;0.0
8.60942;0.28700000000000003;0.022000000000000002
10.23782;0.39399999999999996;0.049
10.59632;0.449;0.055
16.82439;0.466;0.040999999999999995
14.33081;0.42100000000000004;0.016
11.26144;0.38;0.003
14.85136;0.327;0.0
13.72494;0.24;0.0
13.66927;0.15;0.0
15.9762;0.063;0.0
28.01121;0.002;0.0
30.0669;0.0;0.0
45.16214;0.0;0.0
31.34947;0.0;0.0
14.0592;0.0;0.0
6.9017800000000005;0.0;0.001
3.44359;0.0;0.002
2.73831;0.0;0.003
2.42546;0.0;0.004
2.83588;0.0;0.004
2.93567;0.0;0.002
6.15375;0.0;0.001
7.84094;0.01;0.001
10.52774;0.126;0.0
9.29497;0.29;0.001
9.22171;0.39399999999999996;0.002
12.86119;0.451;0.005
13.85326;0.517;0.008
13.23767;0.509;0.008
15.65315;0.457;0.006
13.7365;0.375;0.004
11.69332;0.281;0.004
14.703270000000002;0.18;0.005
17.1197;0.081;0.006
23.28726;0.003;0.01
30.37439;0.0;0.019
36.13728;0.0;0.017
26.96738;0.0;0.015
14.720999999999998;0.0;0.017
8.98773;0.0;0.027999999999999997
2.89652;0.0;0.044000000000000004
3.15376;0.0;0.057999999999999996
3.10128;0.0;0.068
3.2873300000000003;0.0;0.073
2.72642;0.0;0.07100000000000001
6.78848;0.0;0.066
8.87198;0.02;0.061
12.06916;0.17800000000000002;0.051
12.46;0.363;0.028999999999999998
12.38398;0.488;0.004
13.46001;0.5680000000000001;0.0
14.2496;0.6000000000000001;0.002
16.59769;0.595;0.025
13.79177;0.534;0.044000000000000004
16.41461;0.42700000000000005;0.052000000000000005
17.12343;0.276;0.053
15.29465;0.158;0.048
19.89138;0.061;0.035
31.32742;0.001;0.015
33.87604;0.0;0.005
42.44789;0.0;0.001
32.52418;0.0;0.0
17.43945;0.0;0.0
9.35021;0.0;0.002
3.5077;0.0;0.011000000000000001
3.22887;0.0;0.023
2.66262;0.0;0.03
3.35186;0.0;0.037000000000000005
2.88985;0.0;0.051
7.02792;0.0;0.064
7.88622;0.005;0.079
11.56635;0.068;0.098
11.04844;0.173;0.121
10.82396;0.295;0.14200000000000002
11.66458;0.408;0.105
15.1642;0.472;0.035
15.356329999999998;0.496;0.005
12.78207;0.45799999999999996;0.002
13.02767;0.38299999999999995;0.001
16.233179999999994;0.27899999999999997;0.001
14.73258;0.187;0.005
21.23112;0.085;0.013999999999999999
29.34722;0.003;0.024
39.27058;0.0;0.027000000000000003
41.12637;0.0;0.027999999999999997
28.71227;0.0;0.039
16.016779999999994;0.0;0.046
9.94251;0.0;0.045
4.05315;0.0;0.042
3.42235;0.0;0.040999999999999995
3.19627;0.0;0.044000000000000004
3.40041;0.0;0.049
3.11033;0.0;0.052000000000000005
6.682339999999999;0.0;0.049
10.20592;0.013;0.045
14.0703;0.151;0.043
10.76909;0.33899999999999997;0.033
12.3487;0.477;0.011000000000000001
14.15285;0.5740000000000001;0.005
15.43696;0.629;0.015
17.181620000000002;0.636;0.037000000000000005
16.22195;0.614;0.049
17.09751;0.542;0.046
17.89118;0.409;0.034
15.61275;0.256;0.019
19.87085;0.105;0.011000000000000001
28.73665;0.003;0.015
40.17995;0.0;0.026
52.82133;0.0;0.022000000000000002
34.08808;0.0;0.013
17.86318;0.0;0.008
10.0831;0.0;0.006999999999999999
4.50022;0.0;0.006999999999999999
2.29333;0.0;0.006999999999999999
2.30513;0.0;0.006999999999999999
2.50034;0.0;0.008
2.3972;0.0;0.009000000000000001
6.46946;0.0;0.012
7.37661;0.008;0.015
10.5054;0.084;0.019
7.8994300000000015;0.18;0.027999999999999997
9.78919;0.267;0.027999999999999997
11.12281;0.313;0.031
11.50537;0.34;0.042
11.32288;0.34;0.053
12.23602;0.302;0.057999999999999996
13.95204;0.258;0.055999999999999994
12.88624;0.193;0.049
15.16844;0.12300000000000001;0.035
14.62844;0.048;0.021
23.76748;0.001;0.012
35.7349;0.0;0.011000000000000001
31.38462;0.0;0.011000000000000001
26.709670000000006;0.0;0.013
13.459029999999998;0.0;0.013999999999999999
7.73313;0.0;0.017
3.43686;0.0;0.022000000000000002
2.45793;0.0;0.027999999999999997
1.76907;0.0;0.033
2.15364;0.0;0.038
2.10921;0.0;0.046
4.5678;0.0;0.046
6.87293;0.01;0.026
8.724110000000001;0.08800000000000001;0.004
8.02195;0.18;0.004
6.2833;0.24600000000000002;0.015
9.71745;0.34299999999999997;0.022000000000000002
11.08816;0.45;0.022000000000000002
12.15761;0.5700000000000001;0.02
11.50811;0.5760000000000001;0.026
13.51595;0.521;0.035
11.56356;0.411;0.039
12.03102;0.267;0.040999999999999995
13.49691;0.107;0.040999999999999995
23.45715;0.004;0.038
24.83337;0.0;0.031
28.47808;0.0;0.015
20.27918;0.0;0.004
13.1672;0.0;0.001
7.08904;0.0;0.0
2.81767;0.0;0.0
2.47141;0.0;0.0
2.47348;0.0;0.001
2.69503;0.0;0.001
2.18626;0.0;0.002
5.77524;0.0;0.006
8.53249;0.022000000000000002;0.01
9.61366;0.18600000000000003;0.006999999999999999
8.514669999999999;0.37799999999999995;0.019
8.73789;0.523;0.057999999999999996
11.26129;0.602;0.098
11.69589;0.6459999999999999;0.13699999999999998
11.5647;0.648;0.161
15.4214;0.613;0.17400000000000002
10.4024;0.534;0.172
14.16449;0.42200000000000004;0.158
15.36661;0.256;0.135
16.53668;0.091;0.094
26.92599;0.003;0.049
31.06198;0.0;0.025
36.45357;0.0;0.006999999999999999
32.49398;0.0;0.002
11.53181;0.0;0.001
8.34939;0.0;0.002
3.21926;0.0;0.008
3.24627;0.0;0.023
2.81632;0.0;0.019
3.3312800000000005;0.0;0.004
2.93994;0.0;0.001
5.94813;0.0;0.001
8.43919;0.013999999999999999;0.001
12.6083;0.128;0.005
10.88576;0.27399999999999997;0.021
11.39431;0.37200000000000005;0.045
12.74281;0.455;0.055
17.82672;0.465;0.04
16.9442;0.41;0.026
14.52964;0.35600000000000004;0.017
16.73095;0.294;0.012
14.75674;0.21100000000000002;0.006999999999999999
16.018810000000002;0.13699999999999998;0.003
21.96525;0.057999999999999996;0.001
31.66308;0.001;0.0
47.22191;0.0;0.002
42.67463;0.0;0.006
35.42354;0.0;0.013
18.00101;0.0;0.02
10.78123;0.0;0.024
3.5721300000000005;0.0;0.027000000000000003
2.735;0.0;0.027999999999999997
2.5078400000000003;0.0;0.021
2.2751900000000003;0.0;0.005
2.4185;0.0;0.002
5.5185;0.0;0.006
6.5945100000000005;0.004;0.011000000000000001
9.25297;0.046;0.013
7.41237;0.102;0.018000000000000002
8.7683;0.17400000000000002;0.011000000000000001
9.88111;0.237;0.001
10.79134;0.276;0.0
11.28865;0.267;0.003
15.00554;0.253;0.013
10.97045;0.23;0.019
12.01958;0.182;0.018000000000000002
11.25053;0.119;0.022000000000000002
16.105179999999994;0.048;0.025
23.46085;0.001;0.018000000000000002
27.93099;0.0;0.012
42.64221;0.0;0.004
29.56557;0.0;0.0
12.49945;0.0;0.0
6.2702800000000005;0.0;0.0
3.23901;0.0;0.003
2.33609;0.0;0.016
2.7044;0.0;0.04
2.73183;0.0;0.054000000000000006
2.44511;0.0;0.044000000000000004
6.04444;0.0;0.027999999999999997
7.5175100000000015;0.005;0.019
10.16282;0.068;0.02
8.48634;0.182;0.036000000000000004
9.05639;0.295;0.031
10.21103;0.326;0.013999999999999999
12.38421;0.34600000000000003;0.008
12.8796;0.336;0.006999999999999999
10.85265;0.313;0.006999999999999999
13.16065;0.271;0.006999999999999999
13.11239;0.206;0.008
13.211379999999998;0.13;0.012
16.098760000000002;0.05;0.022000000000000002
23.86336;0.001;0.045
32.77774;0.0;0.068
39.61515;0.0;0.064
22.71281;0.0;0.055999999999999994
14.72725;0.0;0.052000000000000005
6.46746;0.0;0.052000000000000005
3.6939;0.0;0.055
2.84807;0.0;0.059
2.84345;0.0;0.057999999999999996
2.95;0.0;0.053
3.37562;0.0;0.044000000000000004
7.739330000000002;0.0;0.031
9.2084;0.01;0.023
13.17589;0.1;0.015
8.699580000000001;0.243;0.005
12.03744;0.39399999999999996;0.001
14.77103;0.505;0.0
16.23159;0.524;0.0
16.098879999999998;0.519;0.0
16.77222;0.483;0.01
15.98007;0.384;0.022000000000000002
16.968429999999998;0.297;0.032
16.25292;0.191;0.034
20.39099;0.07400000000000001;0.032
30.578740000000003;0.002;0.031
43.52502;0.0;0.027999999999999997
42.53365;0.0;0.017
37.63647;0.0;0.01
17.549210000000002;0.0;0.008
9.57123;0.0;0.01
4.5061800000000005;0.0;0.017
2.63444;0.0;0.022000000000000002
2.77243;0.0;0.024
2.799;0.0;0.022000000000000002
2.59577;0.0;0.021
7.08839;0.0;0.018000000000000002
7.51388;0.013999999999999999;0.013999999999999999
10.30078;0.127;0.01
8.12031;0.27;0.002
10.52711;0.395;0.0
13.82731;0.469;0.0
12.22192;0.534;0.001
13.924029999999998;0.562;0.005
14.02866;0.529;0.01
13.6816;0.46399999999999997;0.019
14.01467;0.35700000000000004;0.028999999999999998
14.81544;0.217;0.048
18.27256;0.079;0.083
22.81454;0.002;0.118
26.544940000000004;0.0;0.14
45.30198;0.0;0.126
34.2687;0.0;0.107
17.05208;0.0;0.073
7.289860000000001;0.0;0.054000000000000006
3.56692;0.0;0.047
3.37596;0.0;0.045
3.80428;0.0;0.043
3.47462;0.0;0.042
3.3745;0.0;0.051
7.27221;0.0;0.066
10.50043;0.006999999999999999;0.096
13.69363;0.084;0.115
11.12731;0.21;0.153
13.8191;0.33299999999999996;0.14400000000000002
13.44497;0.45299999999999996;0.053
17.88345;0.557;0.006999999999999999
20.88696;0.5760000000000001;0.002
18.91808;0.511;0.001
15.74112;0.392;0.009000000000000001
17.9591;0.263;0.035
16.30418;0.14800000000000002;0.08800000000000001
20.715770000000006;0.05;0.13
31.47345;0.001;0.156
44.58215;0.0;0.157
47.65839;0.0;0.127
39.2679;0.0;0.102
18.56888;0.0;0.08600000000000001
10.52541;0.0;0.079
5.33627;0.0;0.07100000000000001
2.41644;0.0;0.065
2.39332;0.0;0.073
2.42411;0.0;0.06
2.76398;0.0;0.064
5.84894;0.0;0.073
6.88795;0.006;0.07100000000000001
8.05229;0.073;0.083
8.42534;0.182;0.118
8.5091;0.309;0.098
10.47535;0.43200000000000005;0.047
13.03489;0.509;0.015
13.72484;0.539;0.009000000000000001
11.09653;0.49200000000000005;0.013
12.45166;0.431;0.024
14.90566;0.315;0.034
13.520879999999998;0.195;0.052000000000000005
15.8817;0.076;0.073
23.32952;0.003;0.08600000000000001
37.67453;0.0;0.081
34.87941;0.0;0.052000000000000005
29.406990000000004;0.0;0.028999999999999998
14.54699;0.0;0.009000000000000001
7.82033;0.0;0.001
3.29632;0.0;0.0
2.47577;0.0;0.0
2.37561;0.0;0.0
2.16469;0.0;0.0
2.18346;0.0;0.0
5.60491;0.0;0.0
7.80005;0.012;0.0
9.44216;0.099;0.003
6.98079;0.192;0.012
8.48198;0.281;0.024
11.5435;0.319;0.039
12.23457;0.36;0.057
12.28739;0.353;0.073
16.4506;0.34299999999999997;0.078
11.29088;0.315;0.078
13.7849;0.27;0.08700000000000001
13.05851;0.173;0.107
21.02325;0.061;0.121
25.82995;0.001;0.092
32.0365;0.0;0.073
42.43593;0.0;0.07200000000000001
23.45706;0.0;0.09300000000000001
13.00014;0.0;0.115
8.146180000000001;0.0;0.15
3.50449;0.0;0.183
3.19042;0.0;0.205
3.06068;0.0;0.205
2.65853;0.0;0.215
2.83323;0.0;0.22399999999999998
7.56743;0.0;0.22399999999999998
9.26439;0.019;0.21
12.71487;0.147;0.192
9.21071;0.28800000000000003;0.281
9.70451;0.408;0.306
13.89435;0.522;0.32899999999999996
14.53324;0.5700000000000001;0.34500000000000003
17.66005;0.5740000000000001;0.34
17.61898;0.48100000000000004;0.32
16.339779999999998;0.33399999999999996;0.294
13.62465;0.22;0.258
16.29192;0.129;0.19699999999999998
20.10438;0.051;0.113
34.83018;0.001;0.083
35.0597;0.0;0.073
40.84453;0.0;0.067
32.345890000000004;0.0;0.067
16.67568;0.0;0.07
8.76019;0.0;0.068
3.89785;0.0;0.057
2.7271400000000003;0.0;0.044000000000000004
2.39489;0.0;0.040999999999999995
3.09607;0.0;0.047
3.06877;0.0;0.064
6.703239999999999;0.0;0.065
7.4675600000000015;0.01;0.05
11.26715;0.1;0.049
8.283719999999999;0.23;0.091
11.25328;0.368;0.125
11.90389;0.532;0.145
17.2058;0.633;0.17800000000000002
14.77809;0.654;0.214
12.94683;0.635;0.225
12.03919;0.5539999999999999;0.222
14.10559;0.43200000000000005;0.207
13.98408;0.27899999999999997;0.151
19.29786;0.12;0.08199999999999999
25.22913;0.005;0.03
35.18754000000001;0.0;0.009000000000000001
38.84783;0.0;0.001
26.98067;0.0;0.0
15.06839;0.0;0.0
7.490289999999999;0.0;0.0
3.04177;0.0;0.005
2.52915;0.0;0.026
2.71562;0.0;0.057999999999999996
2.75971;0.0;0.08700000000000001
2.59608;0.0;0.085
6.20132;0.0;0.055
8.641060000000001;0.025;0.019
10.02219;0.193;0.001
9.45187;0.37799999999999995;0.004
12.47647;0.529;0.026
15.65227;0.647;0.039
16.023970000000002;0.7030000000000001;0.048
12.24125;0.716;0.055
14.30126;0.6809999999999999;0.06
14.6439;0.606;0.066
16.47956;0.485;0.07200000000000001
16.61009;0.312;0.07
20.46756;0.127;0.065
32.76869;0.005;0.057999999999999996
28.26621;0.0;0.052000000000000005
41.98426;0.0;0.044000000000000004
31.6735;0.0;0.052000000000000005
13.261920000000002;0.0;0.069
8.86774;0.0;0.08700000000000001
3.51195;0.0;0.102
3.24612;0.0;0.102
3.06895;0.0;0.09
2.91984;0.0;0.078
2.8982;0.0;0.065
6.0814900000000005;0.0;0.048
9.81341;0.017;0.026
14.05932;0.15;0.019
10.11235;0.325;0.004
10.44139;0.467;0.006999999999999999
14.87749;0.5700000000000001;0.015
16.13326;0.634;0.027999999999999997
19.69088;0.626;0.046
16.17176;0.631;0.057999999999999996
15.49762;0.5750000000000001;0.057999999999999996
18.53574;0.469;0.055
18.26279;0.316;0.048
21.21928;0.136;0.040999999999999995
33.89261;0.006;0.036000000000000004
40.44664;0.0;0.036000000000000004
44.29983;0.0;0.027999999999999997
32.95129;0.0;0.024
21.31858;0.0;0.027999999999999997
10.8874;0.0;0.038
3.74603;0.0;0.054000000000000006
2.88827;0.0;0.067
2.97603;0.0;0.07100000000000001
3.18652;0.0;0.061
2.4205400000000004;0.0;0.047
6.485130000000002;0.0;0.045
7.06831;0.021;0.05
8.80713;0.151;0.051
10.77259;0.304;0.044000000000000004
9.13031;0.45799999999999996;0.022000000000000002
10.5716;0.5820000000000001;0.013
16.754720000000002;0.64;0.018000000000000002
14.472979999999998;0.621;0.031
13.215979999999998;0.547;0.043
10.89407;0.46399999999999997;0.052000000000000005
13.43114;0.377;0.055
15.82516;0.249;0.057999999999999996
18.96569;0.10099999999999999;0.069
26.14057;0.004;0.08800000000000001
30.87104;0.0;0.104
39.55947000000001;0.0;0.1
28.62505;0.0;0.102
19.19366;0.0;0.10800000000000001
7.43187;0.0;0.10800000000000001
3.5826300000000004;0.0;0.103
2.12846;0.0;0.094
2.07176;0.0;0.099
1.95046;0.0;0.107
1.68718;0.0;0.114
5.20789;0.0;0.118
7.414339999999998;0.019;0.115
10.96148;0.15;0.11599999999999999
7.93055;0.292;0.115
9.1573;0.368;0.052000000000000005
10.11943;0.439;0.02
12.13969;0.452;0.028999999999999998
12.40667;0.447;0.053
12.02477;0.37200000000000005;0.084
10.2302;0.295;0.106
13.1446;0.22;0.115
14.05543;0.13699999999999998;0.11599999999999999
15.14811;0.055999999999999994;0.104
22.94171;0.002;0.08199999999999999
33.325590000000005;0.0;0.077
33.61877;0.0;0.067
24.81435;0.0;0.061
13.85576;0.0;0.054000000000000006
6.05004;0.0;0.05
3.74644;0.0;0.044000000000000004
2.93643;0.0;0.044000000000000004
2.91054;0.0;0.04
3.00846;0.0;0.034
3.03314;0.0;0.027999999999999997
6.8568;0.0;0.024
8.46641;0.018000000000000002;0.02
12.01716;0.133;0.006
9.70202;0.26899999999999996;0.001
13.05526;0.392;0.001
12.67597;0.503;0.0
16.45705;0.5680000000000001;0.013
16.2609;0.5650000000000001;0.037000000000000005
17.643720000000005;0.525;0.067
11.83226;0.436;0.08600000000000001
15.66615;0.32299999999999995;0.091
17.59533;0.207;0.07
17.2644;0.083;0.049
23.28952;0.003;0.044000000000000004
37.75431;0.0;0.049
46.55027000000001;0.0;0.053
30.57532;0.0;0.064
16.83429;0.0;0.07200000000000001
9.89954;0.0;0.07400000000000001
4.03059;0.0;0.076
2.4858;0.0;0.077
2.28431;0.0;0.081
1.93952;0.0;0.085
2.43157;0.0;0.079
4.3926300000000005;0.0;0.067
6.34822;0.017;0.057999999999999996
8.12904;0.138;0.045
7.10122;0.299;0.027999999999999997
7.09632;0.435;0.01
10.9702;0.53;0.01
8.7517;0.5650000000000001;0.017
10.44655;0.55;0.035
9.41099;0.471;0.062
9.85087;0.377;0.08700000000000001
12.89194;0.262;0.105
11.26091;0.149;0.106
16.17582;0.052000000000000005;0.103
18.81171;0.001;0.096
20.46835;0.0;0.091
26.89759;0.0;0.07400000000000001
29.67863;0.0;0.06
13.42246;0.0;0.055999999999999994
6.52075;0.0;0.057999999999999996
3.0321700000000003;0.0;0.067
2.61245;0.0;0.085
2.44879;0.0;0.106
2.31223;0.0;0.126
3.1459900000000003;0.0;0.139
7.7598600000000015;0.0;0.149
8.93389;0.011000000000000001;0.156
11.25925;0.103;0.223
9.33354;0.24100000000000002;0.281
11.452;0.34900000000000003;0.205
14.915920000000002;0.445;0.121
14.69621;0.522;0.048
13.78399;0.5670000000000001;0.037000000000000005
15.1297;0.5650000000000001;0.068
13.19685;0.514;0.10800000000000001
15.2038;0.423;0.154
13.39422;0.28;0.187
19.89059;0.119;0.203
26.20302;0.006;0.17400000000000002
41.63839;0.0;0.152
41.52275;0.0;0.115
29.91964;0.0;0.091
15.67651;0.0;0.08
7.627639999999999;0.0;0.079
4.2111;0.0;0.084
2.55031;0.0;0.08700000000000001
2.6367700000000003;0.0;0.08700000000000001
2.96595;0.0;0.084
2.89135;0.0;0.08600000000000001
6.61155;0.0;0.091
8.31204;0.023;0.09300000000000001
9.91368;0.171;0.094
10.48915;0.34299999999999997;0.10099999999999999
9.24707;0.478;0.07400000000000001
10.23476;0.583;0.039
14.26988;0.619;0.016
14.714520000000002;0.604;0.013
12.45728;0.5630000000000001;0.012
14.04889;0.46799999999999997;0.013999999999999999
12.11246;0.39299999999999996;0.019
14.470479999999998;0.27;0.027999999999999997
16.33621;0.127;0.047
23.92385;0.006;0.08600000000000001
31.75107;0.0;0.134
35.0509;0.0;0.131
34.25503;0.0;0.104
14.32921;0.0;0.084
9.33517;0.0;0.077
3.1785;0.0;0.083
3.24407;0.0;0.09
2.88178;0.0;0.092
2.41894;0.0;0.091
2.77886;0.0;0.09
5.2991;0.0;0.09
6.4535300000000015;0.023;0.09
9.73402;0.179;0.126
8.86005;0.36;0.113
11.0356;0.486;0.063
11.92095;0.5670000000000001;0.035
15.57301;0.629;0.028999999999999998
14.83778;0.645;0.032
14.2846;0.618;0.038
14.20489;0.5539999999999999;0.055999999999999994
13.25607;0.44299999999999995;0.078
15.36386;0.298;0.106
16.91524;0.128;0.145
20.84374;0.006;0.187
26.83033;0.0;0.212
42.04284000000001;0.0;0.17600000000000002
30.06061;0.0;0.149
13.10789;0.0;0.12300000000000001
7.6200899999999985;0.0;0.12
3.16247;0.0;0.122
2.35015;0.0;0.12300000000000001
2.07379;0.0;0.12
2.25795;0.0;0.111
2.07104;0.0;0.106
4.36437;0.0;0.103
6.22314;0.025;0.096
9.59016;0.183;0.111
5.91406;0.358;0.095
7.469819999999999;0.478;0.031
11.46386;0.579;0.011000000000000001
10.54733;0.632;0.003
12.33954;0.636;0.002
11.73694;0.591;0.031
8.606630000000001;0.515;0.055999999999999994
14.59573;0.412;0.08199999999999999
11.21109;0.271;0.094
14.40497;0.11599999999999999;0.10099999999999999
21.98864;0.005;0.105
31.38971;0.0;0.109
36.89891;0.0;0.095
19.77863;0.0;0.08600000000000001
10.94673;0.0;0.085
6.4513099999999985;0.0;0.08700000000000001
3.02896;0.0;0.091
2.56703;0.0;0.095
2.79185;0.0;0.095
2.75855;0.0;0.091
2.73701;0.0;0.083
6.58568;0.0;0.073
9.23467;0.024;0.069
10.71571;0.17400000000000002;0.057
7.66795;0.33299999999999996;0.032
11.97746;0.407;0.012
10.08706;0.416;0.009000000000000001
15.18155;0.395;0.008
16.11479;0.307;0.01
13.56092;0.278;0.021
11.92989;0.29;0.033
16.94012;0.28700000000000003;0.028999999999999998
15.73054;0.24;0.016
19.25085;0.12;0.01
21.03104;0.006;0.013999999999999999
34.570640000000004;0.0;0.028999999999999998
35.7037;0.0;0.049
28.52047;0.0;0.07400000000000001
15.17031;0.0;0.091
10.6364;0.0;0.098
4.12722;0.0;0.092
2.39813;0.0;0.08199999999999999
2.06317;0.0;0.07400000000000001
2.06756;0.0;0.064
2.10449;0.0;0.051
5.08291;0.0;0.036000000000000004
8.78434;0.015;0.024
8.6301;0.092;0.019
8.13545;0.20199999999999999;0.018000000000000002
9.64942;0.311;0.019
10.40731;0.442;0.013999999999999999
14.33871;0.469;0.031
9.61471;0.491;0.053
10.22159;0.43799999999999994;0.064
11.47836;0.371;0.066
12.1151;0.28;0.063
12.60115;0.18600000000000003;0.054000000000000006
14.82696;0.07200000000000001;0.047
22.98118;0.002;0.047
35.78655;0.0;0.057
41.10166;0.0;0.057
30.04663;0.0;0.053
14.02894;0.0;0.048
6.695589999999998;0.0;0.051
3.28581;0.0;0.054000000000000006
2.69382;0.0;0.055
3.03149;0.0;0.048
2.82216;0.0;0.031
2.95682;0.0;0.022000000000000002
6.08504;0.0;0.034
9.29564;0.013;0.07400000000000001
12.53003;0.109;0.1
10.15775;0.218;0.131
10.83377;0.318;0.118
13.1183;0.342;0.092
17.61348;0.385;0.07100000000000001
15.82898;0.385;0.062
13.214720000000002;0.358;0.052000000000000005
13.61357;0.312;0.047
14.07532;0.233;0.046
14.82686;0.13699999999999998;0.045
19.9219;0.051;0.040999999999999995
29.94643;0.001;0.046
34.03759;0.0;0.067
38.44607;0.0;0.073
35.67448;0.0;0.064
15.6949;0.0;0.046
8.65094;0.0;0.036000000000000004
4.23377;0.0;0.032
2.7471;0.0;0.033
2.43325;0.0;0.031
2.55353;0.0;0.03
2.55131;0.0;0.045
4.34591;0.0;0.059
7.77947;0.004;0.064
9.90011;0.05;0.06
8.15502;0.124;0.08600000000000001
9.93097;0.217;0.08199999999999999
11.52489;0.289;0.055
12.69704;0.353;0.03
14.27645;0.425;0.017
13.812920000000002;0.445;0.012
13.70808;0.413;0.019
15.36705;0.318;0.034
14.78129;0.16699999999999998;0.037000000000000005
19.46932;0.061;0.032
28.89831;0.002;0.023
35.91916;0.0;0.013999999999999999
37.35935;0.0;0.006999999999999999
24.00509;0.0;0.004
15.40864;0.0;0.001
10.45267;0.0;0.0
3.45189;0.0;0.0
2.82132;0.0;0.0
2.90139;0.0;0.0
3.3786400000000003;0.0;0.0
3.01647;0.0;0.0
7.00272;0.0;0.0
7.52643;0.011000000000000001;0.0
12.30237;0.083;0.002
8.88407;0.19;0.01
11.8256;0.33399999999999996;0.019
13.02667;0.503;0.017
15.94068;0.649;0.016
15.87789;0.664;0.016
15.42719;0.631;0.017
15.74324;0.5720000000000001;0.021
16.33244;0.46299999999999997;0.026
15.34935;0.309;0.027999999999999997
20.21553;0.136;0.03
32.10178;0.006999999999999999;0.038
32.26462;0.0;0.052000000000000005
36.98495;0.0;0.057
33.77621;0.0;0.065
17.14159;0.0;0.07400000000000001
9.63486;0.0;0.085
3.4839900000000004;0.0;0.095
2.93262;0.0;0.099
2.56081;0.0;0.102
2.54595;0.0;0.103
2.49775;0.0;0.103
4.7433;0.0;0.102
6.63965;0.025;0.10099999999999999
12.42653;0.184;0.10099999999999999
8.34298;0.37799999999999995;0.099
8.513810000000001;0.521;0.039
11.1991;0.613;0.011000000000000001
11.01514;0.662;0.013
12.29185;0.67;0.006
14.02236;0.638;0.012
11.37432;0.5630000000000001;0.024
14.596229999999998;0.445;0.031
11.47402;0.29600000000000004;0.035
15.824179999999998;0.129;0.04
21.23554;0.006;0.045
29.387970000000006;0.0;0.05
30.534240000000004;0.0;0.04
25.87212;0.0;0.03
15.12268;0.0;0.027999999999999997
7.70415;0.0;0.034
3.15535;0.0;0.044000000000000004
2.43479;0.0;0.055999999999999994
2.80223;0.0;0.067
2.71025;0.0;0.077
2.77394;0.0;0.078
6.03357;0.0;0.075
6.938439999999999;0.012;0.075
12.37526;0.09699999999999999;0.064
9.81329;0.21;0.081
11.46147;0.314;0.07200000000000001
12.30608;0.39299999999999996;0.049
15.54444;0.441;0.034
16.876820000000002;0.452;0.024
14.06718;0.445;0.017
12.24531;0.40399999999999997;0.011000000000000001
14.71924;0.302;0.011000000000000001
12.87999;0.191;0.017
20.19859;0.077;0.026
22.49642;0.004;0.037000000000000005
34.22845;0.0;0.05
33.18135;0.0;0.047
31.65501;0.0;0.040999999999999995
15.96665;0.0;0.042
8.425939999999999;0.0;0.045
3.42918;0.0;0.047
2.7851;0.0;0.052000000000000005
2.70023;0.0;0.07200000000000001
3.0492;0.0;0.102
3.02687;0.0;0.109
4.88156;0.0;0.102
6.607239999999999;0.013999999999999999;0.08900000000000001
10.46242;0.103;0.061
7.818339999999999;0.209;0.046
10.63311;0.28;0.026
13.42461;0.33299999999999996;0.023
13.60678;0.361;0.027000000000000003
15.90721;0.34500000000000003;0.035
18.54274;0.301;0.044000000000000004
14.25773;0.247;0.051
13.70258;0.185;0.049
15.177;0.134;0.043
17.92942;0.055;0.027999999999999997
29.82653;0.001;0.02
28.86802;0.0;0.021
43.48176;0.0;0.016
30.45253;0.0;0.017
16.84698;0.0;0.021
8.9532;0.0;0.034
4.61641;0.0;0.067
2.98336;0.0;0.11199999999999999
2.51979;0.0;0.109
2.13278;0.0;0.069
2.85002;0.0;0.064
4.59984;0.0;0.069
6.11807;0.008;0.067
10.66583;0.065;0.069
6.581360000000001;0.14;0.078
8.69546;0.205;0.045
14.582670000000002;0.24600000000000002;0.02
12.89575;0.316;0.022000000000000002
13.44091;0.35000000000000003;0.017
12.12359;0.34500000000000003;0.017
12.57972;0.28700000000000003;0.019
10.9969;0.21899999999999997;0.01
14.656020000000002;0.12300000000000001;0.001
17.5332;0.039;0.0
24.42105;0.001;0.003
29.22066;0.0;0.016
25.73564;0.0;0.028999999999999998
29.43332;0.0;0.037000000000000005
11.66884;0.0;0.038
7.23919;0.0;0.034
3.89272;0.0;0.032
2.72014;0.0;0.03
2.9658900000000004;0.0;0.026
3.45419;0.0;0.023
2.75469;0.0;0.019
6.7309600000000005;0.0;0.019
9.61738;0.011000000000000001;0.024
12.49005;0.09699999999999999;0.027000000000000003
12.09082;0.226;0.034
10.14079;0.37200000000000005;0.03
14.05176;0.46299999999999997;0.022000000000000002
14.117;0.532;0.018000000000000002
17.29685;0.5650000000000001;0.022000000000000002
15.38037;0.5489999999999999;0.031
16.11095;0.488;0.043
17.44839;0.379;0.048
16.878410000000002;0.24100000000000002;0.040999999999999995
21.00181;0.102;0.035
24.82035;0.005;0.031
33.39047;0.0;0.027000000000000003
43.67278;0.0;0.017
33.15242;0.0;0.012
14.3722;0.0;0.012
10.17049;0.0;0.013
3.45079;0.0;0.019
2.43425;0.0;0.027999999999999997
2.88519;0.0;0.037000000000000005
3.07914;0.0;0.042
2.9887200000000003;0.0;0.046
7.77067;0.0;0.047
9.18797;0.024;0.047
11.15549;0.17400000000000002;0.04
8.86433;0.34700000000000003;0.036000000000000004
9.46246;0.49;0.031
13.06914;0.59;0.034
14.8551;0.649;0.045
16.6836;0.6659999999999999;0.057
16.27834;0.626;0.063
15.58555;0.545;0.057
13.85029;0.428;0.047
15.78229;0.28;0.033
18.66628;0.119;0.022000000000000002
27.05995;0.006;0.019
41.93476;0.0;0.027000000000000003
37.85464;0.0;0.036000000000000004
31.67627;0.0;0.049
15.75865;0.0;0.061
9.15555;0.0;0.07200000000000001
3.78627;0.0;0.078
2.06501;0.0;0.08199999999999999
2.64143;0.0;0.08900000000000001
2.3987;0.0;0.095
2.2158900000000004;0.0;0.096
5.41411;0.0;0.09300000000000001
7.12673;0.02;0.092
11.61071;0.15;0.07200000000000001
6.14449;0.309;0.066
7.64642;0.434;0.031
11.00427;0.528;0.015
13.31562;0.555;0.008
12.93272;0.501;0.006
12.08216;0.43700000000000006;0.006
11.97979;0.39399999999999996;0.006
14.58899;0.325;0.006999999999999999
11.73392;0.218;0.013
17.95956;0.08800000000000001;0.024
24.16442;0.004;0.038
32.280559999999994;0.0;0.048
30.46985;0.0;0.047
25.60915;0.0;0.044000000000000004
12.42509;0.0;0.038
5.3842;0.0;0.034
3.28507;0.0;0.03
2.9785;0.0;0.027000000000000003
2.80607;0.0;0.022000000000000002
3.00093;0.0;0.01
3.10701;0.0;0.001
6.78172;0.0;0.0
9.35776;0.015;0.001
12.47075;0.084;0.013999999999999999
9.66902;0.155;0.053
12.19555;0.231;0.085
12.19431;0.305;0.08600000000000001
17.492729999999998;0.35000000000000003;0.055
14.50147;0.37799999999999995;0.015
16.59253;0.387;0.001
13.64853;0.36200000000000004;0.0
15.74484;0.314;0.0
17.36747;0.205;0.001
19.4709;0.09;0.002
32.12441;0.005;0.003
35.69649000000001;0.0;0.005
44.41466;0.0;0.006
33.40667;0.0;0.003
16.18532;0.0;0.002
8.568019999999999;0.0;0.004
3.89954;0.0;0.008
2.99582;0.0;0.01
2.7417700000000003;0.0;0.013
2.78305;0.0;0.016
2.51026;0.0;0.019
6.2271;0.0;0.019
7.646089999999999;0.019;0.017
10.85325;0.149;0.013999999999999999
9.10951;0.309;0.006
11.3918;0.449;0.004
14.09937;0.5539999999999999;0.008
11.52087;0.6000000000000001;0.02
16.12857;0.601;0.042
14.51331;0.557;0.06
14.907370000000002;0.488;0.064
13.3809;0.387;0.057
14.39215;0.255;0.047
17.62452;0.104;0.044000000000000004
23.02266;0.005;0.051
30.74898;0.0;0.07200000000000001
39.35582;0.0;0.08
33.282509999999995;0.0;0.079
14.472829999999998;0.0;0.076
8.37985;0.0;0.07200000000000001
3.94334;0.0;0.07200000000000001
2.87648;0.0;0.073
2.3508400000000003;0.0;0.07200000000000001
2.7972200000000003;0.0;0.07100000000000001
2.44965;0.0;0.077
6.59357;0.0;0.08199999999999999
8.047260000000001;0.011000000000000001;0.085
12.26989;0.09;0.08
10.07995;0.209;0.114
9.37115;0.32799999999999996;0.11199999999999999
12.34969;0.413;0.095
14.70963;0.48;0.079
15.26921;0.503;0.068
14.35811;0.48700000000000004;0.059
14.956170000000002;0.441;0.055999999999999994
14.39282;0.336;0.057999999999999996
14.82056;0.209;0.065
20.0969;0.081;0.073
23.49381;0.003;0.094
29.46883;0.0;0.115
38.3738;0.0;0.10800000000000001
28.18137;0.0;0.099
16.05979;0.0;0.092
9.98412;0.0;0.091
3.5749;0.0;0.095
2.58345;0.0;0.09699999999999999
2.86602;0.0;0.09300000000000001
2.43173;0.0;0.08800000000000001
2.54822;0.0;0.084
6.44857;0.0;0.08700000000000001
6.39874;0.02;0.111
10.45668;0.14800000000000002;0.125
8.64741;0.295;0.156
10.05008;0.428;0.118
12.67813;0.503;0.07100000000000001
15.1984;0.532;0.031
12.98089;0.52;0.013999999999999999
14.83389;0.472;0.013999999999999999
12.23683;0.386;0.013999999999999999
15.209129999999998;0.278;0.015
14.88892;0.168;0.017
17.572329999999994;0.062;0.021
26.867;0.001;0.03
32.00178;0.0;0.045
39.71809;0.0;0.054000000000000006
28.300490000000003;0.0;0.054000000000000006
13.93879;0.0;0.039
8.83256;0.0;0.025
3.84807;0.0;0.023
2.62078;0.0;0.024
2.46565;0.0;0.025
2.72555;0.0;0.026
2.2846;0.0;0.028999999999999998
6.2830900000000005;0.0;0.032
8.39874;0.016;0.032
8.27237;0.131;0.023
9.12684;0.261;0.008
9.41495;0.35100000000000003;0.002
14.0381;0.431;0.002
15.01539;0.44799999999999995;0.003
13.75139;0.466;0.003
11.75351;0.446;0.004
11.85204;0.39799999999999996;0.005
15.16307;0.308;0.006
12.49709;0.203;0.008
14.75831;0.091;0.008
25.73569;0.006;0.009000000000000001
33.16455;0.0;0.011000000000000001
38.85295;0.0;0.006
31.53118;0.0;0.003
11.16864;0.0;0.001
7.71502;0.0;0.0
3.11559;0.0;0.0
2.91722;0.0;0.001
2.75244;0.0;0.002
3.11921;0.0;0.003
2.77155;0.0;0.004
7.28288;0.0;0.003
8.157119999999999;0.023;0.002
11.78262;0.17500000000000002;0.0
10.14849;0.34500000000000003;0.0
9.556;0.465;0.002
13.26556;0.515;0.008
15.84201;0.499;0.013999999999999999
16.45816;0.503;0.016
13.92401;0.473;0.013999999999999999
15.74622;0.39899999999999997;0.013
14.58093;0.311;0.015
14.34095;0.21100000000000002;0.013999999999999999
19.50397;0.091;0.009000000000000001
28.20476;0.005;0.004
30.6913;0.0;0.003
39.03577;0.0;0.001
33.82135;0.0;0.0
13.10303;0.0;0.0
10.32579;0.0;0.002
3.5606;0.0;0.006
2.5361;0.0;0.006999999999999999
2.3307;0.0;0.008
2.74096;0.0;0.019
2.36583;0.0;0.051
5.83142;0.0;0.08600000000000001
8.88124;0.013999999999999999;0.103
10.68766;0.106;0.10099999999999999
8.84173;0.226;0.12
10.08279;0.281;0.102
10.72935;0.315;0.078
13.63335;0.36700000000000005;0.055
12.34346;0.435;0.025
14.1721;0.48700000000000004;0.009000000000000001
11.36756;0.435;0.005
12.45684;0.34400000000000003;0.006
14.99159;0.23;0.011000000000000001
17.73969;0.102;0.03
23.44882;0.006;0.07100000000000001
33.468059999999994;0.0;0.124
29.91807;0.0;0.14400000000000002
28.39334;0.0;0.156
11.87862;0.0;0.16399999999999998
6.4355699999999985;0.0;0.172
2.98376;0.0;0.17600000000000002
2.49004;0.0;0.183
2.76776;0.0;0.193
2.97866;0.0;0.201
3.24646;0.0;0.204
6.6261100000000015;0.0;0.195
9.20554;0.017;0.18
12.14558;0.133;0.208
10.32398;0.294;0.256
12.29979;0.42700000000000005;0.2
14.30864;0.508;0.126
12.76147;0.544;0.077
12.52828;0.547;0.05
17.10792;0.561;0.039
14.44011;0.491;0.04
17.89426;0.39799999999999996;0.052000000000000005
15.36839;0.259;0.09
20.00253;0.114;0.168
30.62476;0.006;0.254
30.92401;0.0;0.294
42.58581;0.0;0.28500000000000003
32.51768;0.0;0.264
16.36436;0.0;0.225
8.208910000000001;0.0;0.193
4.30539;0.0;0.17600000000000002
2.2760700000000003;0.0;0.162
2.73663;0.0;0.151
2.7778400000000003;0.0;0.14400000000000002
2.71962;0.0;0.145
4.99211;0.0;0.153
8.21752;0.019;0.158
12.02121;0.141;0.17800000000000002
8.071069999999999;0.299;0.21100000000000002
9.47475;0.447;0.17600000000000002
11.75093;0.542;0.11599999999999999
11.80476;0.579;0.053
14.73483;0.597;0.031
13.70643;0.5529999999999999;0.024
15.18469;0.48;0.036000000000000004
15.43709;0.375;0.048
15.56187;0.214;0.067
16.90825;0.085;0.10099999999999999
25.03253;0.004;0.125
37.05167;0.0;0.121
40.4383;0.0;0.085
23.49213;0.0;0.057
16.64019;0.0;0.043
8.44324;0.0;0.037000000000000005
2.9388400000000003;0.0;0.040999999999999995
2.82638;0.0;0.049
3.14796;0.0;0.06
2.61475;0.0;0.069
2.90495;0.0;0.078
5.84501;0.0;0.08600000000000001
8.07195;0.022000000000000002;0.091
12.38641;0.155;0.103
8.52469;0.308;0.149
10.12519;0.414;0.125
13.50359;0.472;0.08800000000000001
14.80074;0.515;0.057999999999999996
15.221520000000002;0.508;0.039
16.86516;0.45;0.031
14.19625;0.35700000000000004;0.024
16.91183;0.265;0.015
14.055879999999998;0.177;0.01
16.50584;0.08;0.008
24.92822;0.004;0.008
32.87862;0.0;0.008
40.84042;0.0;0.005
28.80987;0.0;0.003
15.35361;0.0;0.002
8.86592;0.0;0.003
4.21166;0.0;0.006999999999999999
2.35992;0.0;0.009000000000000001
3.0408;0.0;0.012
1.99717;0.0;0.017
2.73391;0.0;0.016
6.30571;0.0;0.004
6.70803;0.016;0.0
10.31353;0.124;0.0
7.545439999999998;0.28;0.002
9.59751;0.413;0.013
11.26637;0.515;0.027000000000000003
13.61066;0.5690000000000001;0.043
13.69729;0.5820000000000001;0.049
13.03832;0.544;0.046
11.14051;0.46399999999999997;0.033
13.20939;0.363;0.021
12.38615;0.238;0.012
13.23727;0.099;0.008
24.32504;0.005;0.012
27.20959;0.0;0.025
29.812990000000006;0.0;0.024
23.05571;0.0;0.019
11.94659;0.0;0.015
8.28823;0.0;0.016
2.88985;0.0;0.02
2.319;0.0;0.025
2.16304;0.0;0.027999999999999997
1.77692;0.0;0.03
1.88185;0.0;0.036000000000000004
4.31544;0.0;0.057
5.26693;0.008;0.09699999999999999
9.28854;0.073;0.111
8.09351;0.17;0.098
7.9013300000000015;0.255;0.059
11.27498;0.342;0.027000000000000003
11.16997;0.428;0.013999999999999999
13.9915;0.45899999999999996;0.006999999999999999
9.37882;0.45399999999999996;0.008
9.16631;0.389;0.016
14.74995;0.276;0.026
11.6116;0.16899999999999998;0.036000000000000004
14.77959;0.067;0.051
17.89236;0.003;0.068
25.72864;0.0;0.106
35.35205;0.0;0.132
22.15422;0.0;0.14200000000000002
10.05929;0.0;0.14200000000000002
6.35949;0.0;0.14300000000000002
2.98171;0.0;0.139
2.71086;0.0;0.136
2.64509;0.0;0.136
2.95502;0.0;0.146
3.02293;0.0;0.152
6.22731;0.0;0.149
9.23798;0.009000000000000001;0.141
12.64181;0.075;0.15
8.68276;0.173;0.165
9.7943;0.261;0.13
12.47333;0.35200000000000004;0.09
16.877660000000002;0.39299999999999996;0.069
15.04394;0.38799999999999996;0.067
16.48396;0.355;0.079
16.635379999999998;0.304;0.09
12.81302;0.23199999999999998;0.104
15.71551;0.146;0.10800000000000001
22.33827;0.066;0.09699999999999999
28.08333;0.003;0.094
36.40969000000001;0.0;0.106
42.381;0.0;0.105
33.97958;0.0;0.1
18.123;0.0;0.10800000000000001
8.93173;0.0;0.126
3.81953;0.0;0.146
3.03943;0.0;0.158
2.95431;0.0;0.162
3.32263;0.0;0.156
2.52707;0.0;0.151
6.20694;0.0;0.151
9.06715;0.023;0.156
10.71464;0.156;0.21899999999999997
9.97193;0.29100000000000004;0.305
9.55313;0.408;0.272
14.86095;0.489;0.195
14.17291;0.505;0.11699999999999999
17.358220000000006;0.40399999999999997;0.068
15.14075;0.36200000000000004;0.045
16.311729999999994;0.27699999999999997;0.042
16.43325;0.206;0.051
16.85801;0.128;0.07200000000000001
19.02168;0.054000000000000006;0.084
30.297190000000004;0.002;0.092
42.83263;0.0;0.095
49.11484;0.0;0.085
31.925420000000006;0.0;0.076
16.90214;0.0;0.07200000000000001
8.73177;0.0;0.07200000000000001
3.71413;0.0;0.075
2.9834;0.0;0.078
2.7474;0.0;0.075
2.64315;0.0;0.07100000000000001
2.92958;0.0;0.07400000000000001
5.5089;0.0;0.081
7.74914;0.015;0.09
10.74303;0.118;0.09300000000000001
10.04687;0.249;0.141
8.448080000000001;0.363;0.111
12.88522;0.451;0.064
13.75543;0.5489999999999999;0.027999999999999997
13.35733;0.5630000000000001;0.012
15.52894;0.528;0.009000000000000001
12.83261;0.456;0.015
15.91511;0.342;0.027000000000000003
16.56471;0.223;0.048
15.153770000000002;0.096;0.09300000000000001
24.19791;0.005;0.134
33.82178;0.0;0.151
38.7256;0.0;0.119
30.497940000000003;0.0;0.08600000000000001
15.91506;0.0;0.062
7.61074;0.0;0.047
3.99957;0.0;0.045
2.64516;0.0;0.048
2.25612;0.0;0.055
2.66851;0.0;0.067
2.80402;0.0;0.076
5.38673;0.0;0.079
7.197139999999999;0.008;0.083
10.74238;0.063;0.08199999999999999
8.92035;0.141;0.09
7.834910000000002;0.20199999999999999;0.076
11.71856;0.268;0.053
15.72955;0.33299999999999996;0.047
14.444820000000002;0.361;0.049
12.91208;0.34800000000000003;0.055
15.18167;0.313;0.055
12.97508;0.258;0.052000000000000005
13.29752;0.179;0.046
17.52495;0.083;0.035
33.00578;0.004;0.025
28.90277;0.0;0.024
40.48095;0.0;0.02
29.8002;0.0;0.018000000000000002
18.62794;0.0;0.019
5.5537;0.0;0.022000000000000002
3.50666;0.0;0.027999999999999997
2.25009;0.0;0.040999999999999995
2.57541;0.0;0.057999999999999996
2.69941;0.0;0.081
2.55478;0.0;0.102
5.80532;0.0;0.109
8.122530000000001;0.01;0.10099999999999999
12.67612;0.083;0.11599999999999999
10.44859;0.222;0.17800000000000002
9.24201;0.342;0.19
11.62452;0.423;0.12300000000000001
14.22911;0.502;0.067
14.58649;0.514;0.037000000000000005
15.88042;0.462;0.023
12.32479;0.395;0.018000000000000002
15.65797;0.281;0.013
15.74951;0.16;0.009000000000000001
13.85738;0.06;0.008
31.14242;0.002;0.01
42.47043;0.0;0.013999999999999999
40.78269;0.0;0.012
34.21839;0.0;0.006
14.96319;0.0;0.002
8.67195;0.0;0.002
3.58344;0.0;0.005
2.98234;0.0;0.011000000000000001
3.30361;0.0;0.022000000000000002
2.8035;0.0;0.034
3.27735;0.0;0.048
7.0171899999999985;0.0;0.059
10.20863;0.021;0.07400000000000001
12.64534;0.162;0.103
11.19136;0.36700000000000005;0.125
11.44446;0.522;0.104
12.73375;0.632;0.078
14.82152;0.6880000000000001;0.06
15.83509;0.6990000000000001;0.055
17.27698;0.6609999999999999;0.06
16.39569;0.583;0.07100000000000001
17.562829999999998;0.455;0.079
13.80264;0.28400000000000003;0.091
21.02516;0.12300000000000001;0.107
31.49707;0.006999999999999999;0.121
41.37936;0.0;0.133
45.6197;0.0;0.113
33.47432;0.0;0.09300000000000001
19.36832;0.0;0.076
9.35234;0.0;0.066
4.1622900000000005;0.0;0.065
3.26117;0.0;0.067
3.02996;0.0;0.07400000000000001
3.69237;0.0;0.08700000000000001
2.89251;0.0;0.105
7.41372;0.0;0.127
9.0702;0.021;0.14
12.71105;0.152;0.208
11.06211;0.295;0.302
11.71734;0.436;0.26
14.98163;0.522;0.188
16.99026;0.583;0.133
16.54411;0.595;0.085
16.45641;0.5640000000000001;0.069
17.10491;0.48700000000000004;0.083
17.232960000000002;0.382;0.091
18.19159;0.263;0.10800000000000001
21.51526;0.118;0.13
25.45381;0.006999999999999999;0.14
40.14576;0.0;0.149
52.60279;0.0;0.133
36.81345;0.0;0.11199999999999999
18.00812;0.0;0.091
9.76742;0.0;0.079
3.70309;0.0;0.078
2.8559400000000004;0.0;0.081
2.85207;0.0;0.084
2.0871;0.0;0.077
2.91298;0.0;0.063
5.55553;0.0;0.055999999999999994
8.80328;0.02;0.06
11.069;0.153;0.102
8.93343;0.302;0.158
8.87096;0.462;0.126
12.98644;0.5660000000000001;0.08600000000000001
12.32584;0.633;0.06
12.90962;0.6409999999999999;0.044000000000000004
13.18749;0.5539999999999999;0.044000000000000004
12.24404;0.465;0.042
14.22766;0.354;0.038
13.460720000000002;0.228;0.033
15.61302;0.105;0.031
32.41294;0.006;0.038
28.08872;0.0;0.055
30.96511;0.0;0.057999999999999996
25.41449;0.0;0.052000000000000005
16.140729999999998;0.0;0.040999999999999995
6.00978;0.0;0.031
3.8652;0.0;0.025
3.16835;0.0;0.021
2.17157;0.0;0.019
2.47925;0.0;0.019
2.51326;0.0;0.026
5.7727900000000005;0.0;0.036000000000000004
10.37822;0.022000000000000002;0.047
10.19001;0.162;0.055
8.762780000000001;0.33399999999999996;0.049
12.17468;0.45799999999999996;0.019
11.24632;0.541;0.008
13.307579999999998;0.591;0.001
16.05197;0.603;0.0
14.1108;0.5710000000000001;0.013999999999999999
12.31717;0.499;0.021
15.07051;0.386;0.021
13.27751;0.26;0.019
17.09313;0.113;0.016
26.20952;0.006999999999999999;0.016
32.90373;0.0;0.024
41.14724;0.0;0.038
31.38653;0.0;0.053
13.73225;0.0;0.059
8.59032;0.0;0.066
3.57;0.0;0.073
2.43788;0.0;0.079
1.95402;0.0;0.076
2.5608;0.0;0.062
2.3844;0.0;0.054000000000000006
5.69168;0.0;0.061
6.52395;0.015;0.076
10.71751;0.124;0.068
8.081660000000001;0.273;0.051
10.12203;0.418;0.008
10.87735;0.478;0.003
11.23526;0.495;0.006999999999999999
13.49944;0.477;0.015
8.093869999999999;0.414;0.027000000000000003
11.89353;0.331;0.040999999999999995
11.49942;0.242;0.052000000000000005
12.08879;0.136;0.047
15.2504;0.048;0.027999999999999997
28.07493;0.001;0.011000000000000001
24.52549;0.0;0.003
38.64495;0.0;0.001
22.23583;0.0;0.0
14.20415;0.0;0.0
7.63348;0.0;0.0
2.60102;0.0;0.0
2.45751;0.0;0.003
2.7028;0.0;0.012
2.8464;0.0;0.022000000000000002
2.81924;0.0;0.027000000000000003
6.52822;0.0;0.027000000000000003
8.84562;0.006999999999999999;0.025
9.81372;0.064;0.021
7.87548;0.158;0.021
9.14743;0.294;0.006999999999999999
12.51634;0.423;0.001
14.0832;0.447;0.008
15.64685;0.44799999999999995;0.021
17.152079999999998;0.451;0.033
10.72615;0.36700000000000005;0.037000000000000005
15.40881;0.263;0.04
14.4605;0.127;0.032
20.08274;0.043;0.015
26.59655;0.001;0.004
34.77816;0.0;0.002
44.56361;0.0;0.003
31.82048;0.0;0.006
18.2233;0.0;0.011000000000000001
7.08528;0.0;0.013999999999999999
4.19896;0.0;0.019
2.71973;0.0;0.024
2.90846;0.0;0.028999999999999998
2.18371;0.0;0.035
2.51911;0.0;0.042
5.81193;0.0;0.049
7.95511;0.009000000000000001;0.054000000000000006
10.7734;0.08199999999999999;0.064
9.20991;0.21;0.10099999999999999
10.21208;0.369;0.07200000000000001
13.67757;0.469;0.036000000000000004
11.2624;0.506;0.02
16.08076;0.509;0.013999999999999999
14.108579999999998;0.477;0.01
13.47057;0.39799999999999996;0.009000000000000001
13.57467;0.308;0.006999999999999999
15.147329999999998;0.196;0.005
19.10852;0.079;0.003
25.52614;0.004;0.003
33.8025;0.0;0.005
44.60375;0.0;0.003
35.44903;0.0;0.001
12.30937;0.0;0.0
9.02261;0.0;0.0
3.35224;0.0;0.0
3.12508;0.0;0.002
2.66685;0.0;0.004
3.22197;0.0;0.005
2.93164;0.0;0.003
6.11894;0.0;0.001
8.27436;0.019;0.001
12.51303;0.141;0.004
8.76177;0.297;0.006
11.24316;0.414;0.005
12.54289;0.49;0.009000000000000001
14.54556;0.48200000000000004;0.018000000000000002
13.93443;0.502;0.026
16.25648;0.503;0.031
13.27506;0.326;0.028999999999999998
17.846829999999994;0.223;0.019
15.63149;0.129;0.011000000000000001
19.81384;0.051;0.006999999999999999
27.3999;0.002;0.006
33.6663;0.0;0.006
37.79201;0.0;0.005
31.5462;0.0;0.003
17.3463;0.0;0.004
9.07297;0.0;0.006
3.84899;0.0;0.009000000000000001
2.40848;0.0;0.013999999999999999
2.82878;0.0;0.017
2.49826;0.0;0.021
2.33476;0.0;0.024
5.8019;0.0;0.03
7.90302;0.017;0.036000000000000004
11.0163;0.134;0.019
8.53992;0.29600000000000004;0.001
9.54162;0.382;0.0
11.36121;0.39399999999999996;0.0
12.52346;0.39799999999999996;0.001
13.44062;0.355;0.003
11.25808;0.32899999999999996;0.006
10.60204;0.28800000000000003;0.011000000000000001
15.22456;0.213;0.013
14.09367;0.133;0.009000000000000001
17.2742;0.052000000000000005;0.004
22.54563;0.002;0.002
33.93012;0.0;0.002
32.99685;0.0;0.002
31.26648;0.0;0.003
17.44613;0.0;0.004
7.14767;0.0;0.005
3.56064;0.0;0.006
3.18132;0.0;0.006
2.84201;0.0;0.006999999999999999
2.3123;0.0;0.006999999999999999
2.80786;0.0;0.008
4.9417300000000015;0.0;0.006
9.02336;0.009000000000000001;0.005
11.19561;0.085;0.003
8.85595;0.217;0.002
9.17845;0.376;0.006
12.98502;0.488;0.006999999999999999
14.10289;0.5429999999999999;0.009000000000000001
14.01282;0.5489999999999999;0.015
13.49545;0.5379999999999999;0.019
13.627820000000002;0.465;0.021
14.59909;0.355;0.019
15.6743;0.206;0.02
16.14382;0.075;0.024
23.31935;0.003;0.034
36.695;0.0;0.042
35.18489;0.0;0.036000000000000004
32.47424;0.0;0.027000000000000003
13.5163;0.0;0.031
8.1758;0.0;0.046
3.5159199999999995;0.0;0.065
2.9791;0.0;0.08700000000000001
3.1375900000000003;0.0;0.111
3.34776;0.0;0.129
2.82213;0.0;0.147
7.0373600000000005;0.0;0.15
8.31472;0.013;0.136
11.20266;0.107;0.135
8.40126;0.222;0.19399999999999998
10.85463;0.32299999999999995;0.214
14.639679999999998;0.37200000000000005;0.195
15.640720000000002;0.397;0.156
14.342020000000002;0.4;0.126
16.6812;0.375;0.111
14.036879999999998;0.315;0.10800000000000001
17.933770000000006;0.245;0.118
15.50059;0.16399999999999998;0.136
18.15908;0.066;0.15
36.6454;0.004;0.156
30.38073;0.0;0.159
45.38031;0.0;0.159
32.05976;0.0;0.182
17.299210000000002;0.0;0.212
8.3593;0.0;0.192
3.90383;0.0;0.158
3.15003;0.0;0.159
2.49119;0.0;0.166
2.80144;0.0;0.159
2.72523;0.0;0.165
5.73372;0.0;0.173
10.31234;0.006999999999999999;0.16699999999999998
12.04151;0.059;0.149
10.21713;0.15;0.26
10.99306;0.28200000000000003;0.318
13.441870000000002;0.407;0.281
14.23078;0.45299999999999996;0.244
16.325870000000002;0.483;0.254
15.94204;0.45799999999999996;0.28700000000000003
13.94394;0.41700000000000004;0.298
14.16637;0.341;0.27399999999999997
14.29998;0.226;0.23
22.06853;0.096;0.17400000000000002
26.28981;0.005;0.126
43.63972;0.0;0.13
47.37493;0.0;0.12
27.21644;0.0;0.10099999999999999
15.40901;0.0;0.08700000000000001
9.96728;0.0;0.091
3.84461;0.0;0.098
2.03911;0.0;0.09300000000000001
2.26834;0.0;0.08700000000000001
2.59693;0.0;0.091
2.5876200000000003;0.0;0.10099999999999999
5.67281;0.0;0.11199999999999999
7.2244;0.009000000000000001;0.111
9.37747;0.077;0.099
9.74072;0.17;0.115
10.33896;0.253;0.12
10.06516;0.316;0.103
14.5688;0.35700000000000004;0.091
9.50666;0.39799999999999996;0.07400000000000001
12.16987;0.381;0.057999999999999996
10.70962;0.33799999999999997;0.044000000000000004
13.60384;0.261;0.032
13.16811;0.16399999999999998;0.019
19.43024;0.067;0.013
24.34461;0.003;0.016
36.16623;0.0;0.021
33.93265;0.0;0.019
26.32961;0.0;0.013999999999999999
15.69603;0.0;0.013
6.9077600000000015;0.0;0.016
3.37474;0.0;0.02
2.20791;0.0;0.021
2.77074;0.0;0.016
2.43193;0.0;0.01
2.53782;0.0;0.006
5.9607;0.0;0.005
8.70191;0.01;0.006999999999999999
10.86019;0.085;0.013
8.73493;0.19899999999999998;0.031
9.95948;0.316;0.045
11.59255;0.428;0.039
14.72185;0.521;0.03
14.38647;0.584;0.027000000000000003
12.71266;0.612;0.027000000000000003
14.06035;0.5760000000000001;0.03
13.27225;0.473;0.033
13.08771;0.32;0.035
19.47696;0.136;0.04
26.69;0.008;0.052000000000000005
30.40008;0.0;0.067
41.02391;0.0;0.06
29.89027;0.0;0.046
15.9263;0.0;0.042
8.309330000000001;0.0;0.05
4.01497;0.0;0.06
2.77396;0.0;0.07100000000000001
2.9441;0.0;0.08
2.71933;0.0;0.091
2.65099;0.0;0.094
7.09869;0.0;0.09699999999999999
9.07938;0.013999999999999999;0.10099999999999999
12.21859;0.11199999999999999;0.08600000000000001
9.65314;0.255;0.133
11.95319;0.401;0.11199999999999999
13.17516;0.484;0.049
15.02179;0.536;0.013999999999999999
14.18953;0.531;0.004
14.54574;0.467;0.002
12.74876;0.396;0.001
13.6605;0.276;0.001
16.56555;0.152;0.0
17.57185;0.052000000000000005;0.0
26.96449;0.001;0.001
38.20193;0.0;0.002
40.11878;0.0;0.005
34.713359999999994;0.0;0.009000000000000001
17.454320000000006;0.0;0.011000000000000001
9.64222;0.0;0.009000000000000001
3.6441;0.0;0.006
2.90471;0.0;0.004
2.3080000000000003;0.0;0.003
2.6567;0.0;0.005
2.44815;0.0;0.013999999999999999
5.93133;0.0;0.026
8.419410000000001;0.009000000000000001;0.022000000000000002
11.76521;0.07100000000000001;0.01
10.14866;0.146;0.006999999999999999
10.32714;0.217;0.004
12.4563;0.254;0.002
12.79235;0.27;0.001
14.69884;0.275;0.001
16.002470000000002;0.255;0.001
12.65416;0.221;0.001
17.35091;0.166;0.001
14.58977;0.103;0.0
17.63027;0.040999999999999995;0.0
29.75278;0.001;0.0
33.19429;0.0;0.001
43.76226;0.0;0.003
32.69523;0.0;0.006999999999999999
15.93507;0.0;0.012
7.484739999999999;0.0;0.016
3.60359;0.0;0.019
2.47476;0.0;0.017
3.0396;0.0;0.013
2.6718900000000003;0.0;0.008
2.95897;0.0;0.004
5.6523;0.0;0.002
8.679680000000001;0.023;0.001
11.19727;0.185;0.0
8.483080000000001;0.36200000000000004;0.003
11.17092;0.49700000000000005;0.005
11.93248;0.599;0.005
14.39512;0.647;0.006
16.762520000000002;0.6609999999999999;0.006999999999999999
14.53779;0.625;0.008
14.18887;0.5579999999999999;0.009000000000000001
13.44348;0.441;0.011000000000000001
13.90446;0.29600000000000004;0.012
16.072110000000002;0.127;0.015
27.26054;0.006999999999999999;0.03
38.90703;0.0;0.052000000000000005
41.01908;0.0;0.05
29.34287;0.0;0.038
12.61638;0.0;0.027999999999999997
8.45989;0.0;0.023
3.52829;0.0;0.024
2.44467;0.0;0.027000000000000003
2.2823900000000004;0.0;0.03
1.99171;0.0;0.034
2.53357;0.0;0.04
5.28648;0.0;0.052000000000000005
7.351939999999999;0.023;0.066
9.01467;0.171;0.091
7.61906;0.341;0.08700000000000001
7.7576800000000015;0.516;0.04
8.637319999999999;0.612;0.015
10.10216;0.6559999999999999;0.006999999999999999
13.78926;0.657;0.006
14.41341;0.619;0.006
12.05955;0.532;0.006999999999999999
12.67996;0.40399999999999997;0.009000000000000001
10.04743;0.249;0.016
18.16954;0.08800000000000001;0.031
18.90855;0.004;0.05
29.52813;0.0;0.065
42.19439000000001;0.0;0.054000000000000006
25.83005;0.0;0.037000000000000005
10.6602;0.0;0.022000000000000002
6.11521;0.0;0.019
3.25656;0.0;0.012
2.42376;0.0;0.004
2.66253;0.0;0.002
2.60015;0.0;0.003
2.50537;0.0;0.008
6.0327199999999985;0.0;0.015
8.95115;0.006;0.023
10.18317;0.061;0.057999999999999996
7.09013;0.146;0.156
9.46872;0.257;0.262
11.49028;0.39;0.304
14.760129999999998;0.43799999999999994;0.268
13.49778;0.411;0.19399999999999998
14.40626;0.366;0.136
10.74116;0.306;0.102
13.99066;0.222;0.078
11.80473;0.136;0.055
17.05562;0.057;0.037000000000000005
22.25027;0.002;0.035
29.97302;0.0;0.039
39.71704;0.0;0.034
28.99155;0.0;0.027999999999999997
11.29232;0.0;0.033
9.05175;0.0;0.045
3.47024;0.0;0.055
1.69823;0.0;0.062
2.52338;0.0;0.063
2.1912700000000003;0.0;0.064
2.21397;0.0;0.067
5.32103;0.0;0.073
5.86868;0.021;0.079
10.07716;0.146;0.114
8.04526;0.293;0.161
10.26727;0.42700000000000005;0.121
11.75633;0.49200000000000005;0.069
9.86431;0.527;0.036000000000000004
9.87872;0.486;0.025
14.106470000000002;0.435;0.023
13.35776;0.36;0.024
12.96339;0.305;0.025
12.98869;0.24600000000000002;0.022000000000000002
13.55955;0.129;0.022000000000000002
22.51036;0.006999999999999999;0.027000000000000003
33.05557;0.0;0.037000000000000005
38.37083;0.0;0.036000000000000004
23.90889;0.0;0.028999999999999998
16.465870000000002;0.0;0.023
7.7122;0.0;0.02
3.41222;0.0;0.018000000000000002
3.07417;0.0;0.016
2.59028;0.0;0.017
2.78051;0.0;0.019
3.4355900000000004;0.0;0.023
7.101439999999998;0.0;0.026
8.20402;0.025;0.027000000000000003
10.5999;0.2;0.015
9.48177;0.385;0.0
11.11453;0.5329999999999999;0.0
13.2403;0.636;0.003
13.56026;0.6920000000000001;0.013
14.85175;0.7010000000000001;0.022000000000000002
19.56156;0.664;0.026
13.40352;0.588;0.026
15.03101;0.471;0.022000000000000002
13.44669;0.31;0.017
19.08749;0.131;0.013999999999999999
22.2925;0.006;0.019
34.88692;0.0;0.03
40.15892;0.0;0.024
27.52496;0.0;0.013
14.71427;0.0;0.004
8.964210000000003;0.0;0.002
4.04985;0.0;0.003
1.81998;0.0;0.009000000000000001
2.11891;0.0;0.02
2.12029;0.0;0.032
2.1386700000000003;0.0;0.044000000000000004
5.13296;0.0;0.055
5.74944;0.013;0.061
8.57269;0.11199999999999999;0.040999999999999995
6.29058;0.25;0.006
6.4120300000000015;0.363;0.0
8.5464;0.433;0.004
11.16997;0.446;0.022000000000000002
11.72072;0.409;0.032
8.12911;0.325;0.035
9.15274;0.255;0.039
7.17888;0.198;0.048
11.8556;0.128;0.05
12.88257;0.061;0.051
18.67348;0.003;0.059
32.11656;0.0;0.064
27.32429;0.0;0.053
16.998720000000002;0.0;0.040999999999999995
13.32145;0.0;0.043
6.75743;0.0;0.054000000000000006
2.4734700000000003;0.0;0.07200000000000001
1.75839;0.0;0.091
1.94528;0.0;0.10099999999999999
2.50938;0.0;0.11199999999999999
2.40649;0.0;0.118
5.59616;0.0;0.12300000000000001
5.77461;0.01;0.138
9.95028;0.08199999999999999;0.14300000000000002
6.40139;0.179;0.266
9.19809;0.245;0.29600000000000004
10.87396;0.33799999999999997;0.271
11.58403;0.32799999999999996;0.223
13.19589;0.30000000000000004;0.18
15.34319;0.242;0.134
13.86638;0.18100000000000002;0.096
12.57092;0.125;0.07200000000000001
15.08165;0.069;0.044000000000000004
18.09745;0.02;0.021
24.04969;0.0;0.02
28.407090000000004;0.0;0.021
33.12466;0.0;0.023
26.742040000000006;0.0;0.026
12.78377;0.0;0.034
8.84563;0.0;0.05
3.12617;0.0;0.057
2.19256;0.0;0.053
2.58924;0.0;0.068
2.77664;0.0;0.08600000000000001
2.43118;0.0;0.08199999999999999
5.3681199999999984;0.0;0.08800000000000001
7.18734;0.008;0.102
8.779010000000001;0.076;0.106
7.2073399999999985;0.168;0.146
8.91098;0.25;0.122
11.36315;0.35600000000000004;0.077
15.19985;0.46799999999999997;0.055
12.00472;0.5;0.057
13.421870000000002;0.479;0.059
11.2769;0.414;0.053
12.47315;0.32;0.042
13.82099;0.204;0.035
14.98298;0.08600000000000001;0.027000000000000003
25.429;0.004;0.025
33.434490000000004;0.0;0.033
40.98269000000001;0.0;0.032
26.93427;0.0;0.024
15.12882;0.0;0.018000000000000002
8.38364;0.0;0.016
3.2299900000000004;0.0;0.02
2.25211;0.0;0.039
2.85681;0.0;0.08800000000000001
2.3145;0.0;0.182
3.02771;0.0;0.247
6.08438;0.0;0.27399999999999997
7.17847;0.022000000000000002;0.268
10.24518;0.172;0.27399999999999997
8.962819999999997;0.36700000000000005;0.415
9.27802;0.51;0.363
10.25143;0.6000000000000001;0.239
11.90667;0.6579999999999999;0.136
12.15968;0.6629999999999999;0.07
14.736;0.634;0.034
12.24411;0.561;0.033
13.14546;0.439;0.037000000000000005
16.216720000000002;0.278;0.049
15.644570000000002;0.121;0.068
20.12324;0.006;0.10099999999999999
30.55715;0.0;0.133
39.27258;0.0;0.133
24.9764;0.0;0.122
13.24921;0.0;0.111
7.1571;0.0;0.103
3.59081;0.0;0.102
2.13462;0.0;0.102
2.45088;0.0;0.10099999999999999
2.15342;0.0;0.104
2.69887;0.0;0.114
5.98744;0.0;0.12
4.98716;0.02;0.11199999999999999
10.10724;0.158;0.12
8.67558;0.32299999999999995;0.156
9.14948;0.449;0.14200000000000002
11.82084;0.581;0.11199999999999999
12.13452;0.627;0.08
13.49037;0.616;0.057999999999999996
8.611310000000001;0.542;0.044000000000000004
11.22937;0.461;0.039
13.38896;0.33399999999999996;0.035
12.30473;0.166;0.038
16.64869;0.047;0.035
21.34883;0.001;0.027000000000000003
33.04014;0.0;0.024
44.19422;0.0;0.023
25.86713;0.0;0.026
16.72726;0.0;0.035
5.59198;0.0;0.045
3.33401;0.0;0.052000000000000005
2.9202;0.0;0.052000000000000005
2.16376;0.0;0.049
2.89786;0.0;0.057999999999999996
2.74399;0.0;0.08199999999999999
5.24234;0.0;0.10099999999999999
8.4735;0.016;0.111
9.37019;0.139;0.235
7.9596;0.297;0.30000000000000004
10.78516;0.466;0.222
9.39528;0.551;0.145
16.45864;0.613;0.099
16.43692;0.628;0.069
13.02974;0.5870000000000001;0.049
13.51755;0.499;0.036000000000000004
14.62445;0.38;0.028999999999999998
13.4519;0.252;0.028999999999999998
18.23774;0.109;0.034
26.54108;0.005;0.05
34.36784;0.0;0.076
40.66526;0.0;0.08600000000000001
33.6408;0.0;0.08600000000000001
13.93472;0.0;0.07100000000000001
7.6567;0.0;0.053
3.3683;0.0;0.040999999999999995
2.19721;0.0;0.034
2.27814;0.0;0.031
2.5124;0.0;0.031
2.23579;0.0;0.034
5.357;0.0;0.043
7.39492;0.015;0.061
9.24034;0.152;0.07400000000000001
9.79234;0.34600000000000003;0.073
8.77972;0.48;0.042
9.33754;0.5640000000000001;0.017
14.22694;0.598;0.006
12.04188;0.579;0.005
13.8662;0.473;0.006999999999999999
10.98256;0.38799999999999996;0.01
11.58119;0.21899999999999997;0.013999999999999999
12.87743;0.11;0.013999999999999999
12.30715;0.034;0.011000000000000001
20.87626;0.0;0.011000000000000001
28.550290000000004;0.0;0.013999999999999999
42.79074;0.0;0.018000000000000002
28.34637;0.0;0.023
11.50499;0.0;0.036000000000000004
7.8955;0.0;0.057
2.78141;0.0;0.068
2.3854900000000003;0.0;0.07100000000000001
2.7261900000000003;0.0;0.09699999999999999
1.93594;0.0;0.08199999999999999
2.28098;0.0;0.081
5.52934;0.0;0.09300000000000001
7.96087;0.004;0.113
10.23698;0.049;0.177
9.53278;0.128;0.29600000000000004
8.46987;0.225;0.264
12.7926;0.297;0.18
13.77616;0.341;0.12
13.963829999999998;0.36;0.08800000000000001
12.52981;0.386;0.07200000000000001
12.29849;0.401;0.059
13.138;0.34700000000000003;0.052000000000000005
11.04721;0.23;0.05
15.04269;0.104;0.051
17.19762;0.005;0.065
26.61008;0.0;0.102
35.56505;0.0;0.113
26.76042;0.0;0.102
11.54504;0.0;0.09300000000000001
6.69908;0.0;0.08800000000000001
2.99274;0.0;0.094
2.26214;0.0;0.10099999999999999
2.73425;0.0;0.09300000000000001
2.90452;0.0;0.085
2.64771;0.0;0.077
4.66681;0.0;0.07400000000000001
7.416539999999999;0.022000000000000002;0.073
9.28612;0.17;0.06
7.95467;0.34600000000000003;0.08700000000000001
12.08659;0.494;0.081
13.22456;0.58;0.064
14.41203;0.627;0.054000000000000006
13.60021;0.622;0.051
12.46093;0.556;0.055999999999999994
12.53789;0.44;0.067
16.44895;0.304;0.07400000000000001
11.7041;0.18100000000000002;0.08
17.072039999999998;0.068;0.083
22.47635;0.002;0.07200000000000001
33.65903;0.0;0.07100000000000001
37.07034;0.0;0.061
30.123520000000006;0.0;0.047
13.74398;0.0;0.034
8.061819999999999;0.0;0.026
2.60805;0.0;0.021
2.79802;0.0;0.02
2.95024;0.0;0.026
3.3022400000000003;0.0;0.031
2.85516;0.0;0.039
5.6874699999999985;0.0;0.053
7.401560000000001;0.011000000000000001;0.068
11.65476;0.08900000000000001;0.092
9.83456;0.179;0.152
10.73957;0.252;0.198
10.86582;0.32299999999999995;0.205
13.68744;0.363;0.166
15.21311;0.36;0.127
11.72711;0.371;0.10800000000000001
14.28025;0.318;0.106
15.89652;0.26;0.114
14.93329;0.17500000000000002;0.125
18.07474;0.067;0.11599999999999999
29.07796;0.002;0.077
34.98689;0.0;0.067
37.91417;0.0;0.055999999999999994
31.93756;0.0;0.048
15.14402;0.0;0.045
7.615839999999999;0.0;0.051
3.1989400000000003;0.0;0.055
3.31081;0.0;0.053
2.75678;0.0;0.048
2.79952;0.0;0.049
3.00113;0.0;0.052000000000000005
6.21921;0.0;0.07100000000000001
9.06855;0.008;0.085
10.9536;0.077;0.105
11.68669;0.16699999999999998;0.184
11.97161;0.255;0.225
14.41605;0.32899999999999996;0.188
14.24876;0.34600000000000003;0.14800000000000002
16.88879;0.33799999999999997;0.118
16.84499;0.312;0.08900000000000001
15.37512;0.24100000000000002;0.068
17.6449;0.166;0.05
17.30742;0.09300000000000001;0.035
21.99527;0.032;0.023
24.42303;0.0;0.015
38.99749;0.0;0.013
44.57088;0.0;0.013
30.24871;0.0;0.013999999999999999
16.315579999999994;0.0;0.015
9.80658;0.0;0.016
4.3703400000000014;0.0;0.015
2.9593;0.0;0.017
3.31739;0.0;0.023
3.16697;0.0;0.031
2.85257;0.0;0.049
6.15677;0.0;0.07400000000000001
8.236989999999999;0.013999999999999999;0.09699999999999999
11.15442;0.115;0.156
8.53275;0.245;0.267
11.7522;0.408;0.247
13.67454;0.534;0.16399999999999998
16.333560000000002;0.5920000000000001;0.102
14.84405;0.604;0.064
12.72095;0.5650000000000001;0.036000000000000004
16.10823;0.508;0.019
15.6065;0.409;0.013
13.88014;0.28300000000000003;0.011000000000000001
17.23041;0.109;0.012
25.86256;0.005;0.031
33.9264;0.0;0.062
39.04954;0.0;0.066
30.4695;0.0;0.057999999999999996
17.2887;0.0;0.053
8.077689999999999;0.0;0.055
3.5300800000000003;0.0;0.064
2.36926;0.0;0.073
2.30211;0.0;0.08
2.19221;0.0;0.08199999999999999
2.31575;0.0;0.08199999999999999
5.1833800000000005;0.0;0.081
5.72172;0.017;0.085
9.20313;0.153;0.091
7.837439999999999;0.32799999999999996;0.08700000000000001
7.84616;0.5;0.042
10.47571;0.614;0.013999999999999999
13.44445;0.669;0.012
10.30549;0.674;0.012
7.75088;0.628;0.013999999999999999
12.54002;0.555;0.016
10.7684;0.42200000000000004;0.017
10.77341;0.265;0.018000000000000002
15.301279999999998;0.109;0.021
14.72346;0.005;0.037000000000000005
31.753590000000006;0.0;0.065
28.70461;0.0;0.075
29.05288;0.0;0.073
12.02709;0.0;0.063
7.646160000000001;0.0;0.054000000000000006
2.80316;0.0;0.05
2.76842;0.0;0.044000000000000004
2.68846;0.0;0.039
2.8661;0.0;0.039
2.45105;0.0;0.048
5.6146400000000005;0.0;0.057999999999999996
8.05935;0.01;0.06
13.62497;0.099;0.083
10.78944;0.236;0.11
11.29898;0.39799999999999996;0.073
12.10265;0.503;0.047
15.449329999999998;0.58;0.034
14.974;0.613;0.033
12.33883;0.528;0.034
11.3998;0.445;0.033
13.46853;0.33399999999999996;0.03
12.28125;0.215;0.027999999999999997
11.54093;0.08800000000000001;0.028999999999999998
23.0092;0.003;0.034
32.40872;0.0;0.040999999999999995
33.47759;0.0;0.039
31.14348;0.0;0.036000000000000004
18.52569;0.0;0.044000000000000004
8.9347;0.0;0.053
3.24261;0.0;0.054000000000000006
2.3170900000000003;0.0;0.036000000000000004
2.75191;0.0;0.026
2.43065;0.0;0.02
2.94157;0.0;0.011000000000000001
5.58694;0.0;0.006999999999999999
8.366489999999999;0.006999999999999999;0.006999999999999999
11.31805;0.07;0.01
11.35478;0.147;0.015
8.86421;0.206;0.016
13.171779999999998;0.273;0.013
16.014329999999998;0.32;0.01
12.33571;0.386;0.009000000000000001
13.632;0.40399999999999997;0.006999999999999999
11.24944;0.33;0.008
12.61208;0.255;0.009000000000000001
15.14713;0.135;0.008
17.9988;0.047;0.005
21.05905;0.001;0.003
32.39629;0.0;0.005
33.55106;0.0;0.006999999999999999
26.40348;0.0;0.012
17.197589999999998;0.0;0.024
8.82363;0.0;0.043
2.8011;0.0;0.055
3.37799;0.0;0.05
3.67218;0.0;0.034
3.30235;0.0;0.022000000000000002
3.2809800000000005;0.0;0.016
7.2960699999999985;0.0;0.019
9.74855;0.009000000000000001;0.03
15.17805;0.075;0.048
11.10894;0.172;0.11
15.10753;0.27399999999999997;0.14300000000000002
15.43658;0.326;0.135
19.41461;0.359;0.106
17.20202;0.37799999999999995;0.08199999999999999
19.08208;0.364;0.06
15.19556;0.292;0.040999999999999995
17.53765;0.231;0.028999999999999998
16.81416;0.158;0.02
24.41501;0.07200000000000001;0.015
34.648070000000004;0.003;0.017
47.63518;0.0;0.03
48.69611;0.0;0.042
38.99649;0.0;0.047
16.1169;0.0;0.048
10.00069;0.0;0.046
4.01589;0.0;0.044000000000000004
3.10083;0.0;0.042
2.91772;0.0;0.040999999999999995
3.08949;0.0;0.040999999999999995
3.26475;0.0;0.044000000000000004
5.26925;0.0;0.05
9.54346;0.013999999999999999;0.057999999999999996
14.11721;0.122;0.07200000000000001
9.75164;0.267;0.12
11.58922;0.423;0.109
12.68173;0.516;0.078
15.625370000000002;0.5479999999999999;0.055999999999999994
16.82499;0.5429999999999999;0.042
16.47976;0.529;0.035
17.216829999999998;0.45399999999999996;0.033
16.638920000000002;0.28700000000000003;0.028999999999999998
17.75252;0.132;0.028999999999999998
16.484;0.04;0.032
27.58264;0.0;0.037000000000000005
42.62911;0.0;0.044000000000000004
42.13962;0.0;0.039
33.68997;0.0;0.031
16.93488;0.0;0.026
9.97648;0.0;0.027999999999999997
3.4685;0.0;0.024
2.82078;0.0;0.018000000000000002
2.87403;0.0;0.028999999999999998
2.5417400000000003;0.0;0.055999999999999994
2.45583;0.0;0.085
5.52781;0.0;0.139
8.01988;0.006;0.23399999999999999
10.43576;0.064;0.281
8.81446;0.15;0.413
10.20248;0.253;0.535
11.48717;0.36200000000000004;0.61
13.899920000000002;0.43200000000000005;0.613
15.44576;0.43700000000000006;0.5700000000000001
13.47088;0.39799999999999996;0.527
13.62332;0.315;0.465
13.56543;0.236;0.40399999999999997
14.90773;0.118;0.27399999999999997
17.76513;0.032;0.133
27.96415;0.0;0.078
31.00907;0.0;0.064
31.28373;0.0;0.057
29.59205;0.0;0.053
13.09039;0.0;0.059
8.108789999999999;0.0;0.073
3.05046;0.0;0.08
2.36841;0.0;0.08
3.22843;0.0;0.079
2.25362;0.0;0.08600000000000001
2.40777;0.0;0.1
5.921130000000002;0.0;0.115
7.2105;0.01;0.135
8.48761;0.103;0.17600000000000002
8.458730000000001;0.236;0.28400000000000003
8.460360000000001;0.37200000000000005;0.307
8.32771;0.405;0.281
11.57108;0.434;0.23199999999999998
13.80261;0.456;0.19699999999999998
14.72955;0.439;0.17500000000000002
12.89983;0.38;0.157
12.28318;0.297;0.136
11.88094;0.18100000000000002;0.109
15.20783;0.069;0.078
22.39079;0.002;0.046
23.80626;0.0;0.04
31.36656;0.0;0.031
24.78567;0.0;0.025
14.35369;0.0;0.023
8.01641;0.0;0.021
2.3025900000000004;0.0;0.018000000000000002
2.86826;0.0;0.016
2.98705;0.0;0.016
2.64525;0.0;0.019
2.90262;0.0;0.027999999999999997
5.20292;0.0;0.042
7.215089999999999;0.011000000000000001;0.054000000000000006
11.2558;0.105;0.073
11.13263;0.242;0.16
11.12603;0.37;0.168
13.80934;0.45899999999999996;0.155
13.667370000000002;0.526;0.139
14.02336;0.5720000000000001;0.126
13.03339;0.5640000000000001;0.11199999999999999
13.7629;0.484;0.091
14.28523;0.311;0.068
17.70641;0.16899999999999998;0.052000000000000005
18.23597;0.07200000000000001;0.038
27.59071;0.002;0.03
35.22692;0.0;0.031
36.55339;0.0;0.027999999999999997
29.36095;0.0;0.026
17.51889;0.0;0.026
7.705939999999999;0.0;0.035
3.868430000000001;0.0;0.055
2.40445;0.0;0.064
2.34697;0.0;0.052000000000000005
2.46918;0.0;0.035
2.09002;0.0;0.03
5.39326;0.0;0.027000000000000003
6.826689999999998;0.005;0.027999999999999997
9.77656;0.069;0.027000000000000003
6.82371;0.198;0.049
9.27123;0.376;0.063
11.0092;0.498;0.053
14.123870000000002;0.5720000000000001;0.031
11.56308;0.588;0.019
11.56589;0.5660000000000001;0.013
11.7535;0.49700000000000005;0.011000000000000001
11.44653;0.373;0.012
10.07947;0.233;0.016
15.5724;0.09;0.027000000000000003
19.31129;0.003;0.048
29.54207;0.0;0.075
32.5116;0.0;0.077
27.83345;0.0;0.064
12.11267;0.0;0.052000000000000005
7.71248;0.0;0.042
2.69846;0.0;0.040999999999999995
3.26068;0.0;0.047
3.3628;0.0;0.053
2.58619;0.0;0.047
3.00917;0.0;0.057
5.22573;0.0;0.063
7.9848;0.012;0.057999999999999996
10.92194;0.105;0.05
8.87491;0.213;0.064
11.16345;0.313;0.052000000000000005
13.00072;0.408;0.032
12.82779;0.478;0.02
13.989120000000002;0.51;0.015
17.4712;0.506;0.011000000000000001
14.04401;0.46399999999999997;0.008
13.42733;0.35200000000000004;0.006
14.8288;0.21;0.003
22.06267;0.07;0.002
20.07456;0.002;0.003
34.21881;0.0;0.006
43.01017;0.0;0.008
30.20502;0.0;0.013
18.67234;0.0;0.027999999999999997
8.8034;0.0;0.055
3.81326;0.0;0.079
2.27922;0.0;0.092
2.34646;0.0;0.10800000000000001
2.3548;0.0;0.125
2.50381;0.0;0.172
5.2095699999999985;0.0;0.226
6.8607;0.005;0.223
8.64007;0.057;0.223
8.0477;0.13;0.33399999999999996
8.20327;0.208;0.46299999999999997
10.6737;0.294;0.512
11.44925;0.43799999999999994;0.501
11.86395;0.526;0.445
15.20553;0.475;0.382
11.19129;0.41700000000000004;0.32899999999999996
13.00374;0.336;0.264
12.15681;0.21899999999999997;0.19699999999999998
16.76933;0.08600000000000001;0.119
24.91912;0.003;0.068
29.102840000000004;0.0;0.075
37.6381;0.0;0.08
26.20668;0.0;0.078
11.9418;0.0;0.079
7.6158100000000015;0.0;0.081
3.19003;0.0;0.083
2.9645;0.0;0.091
2.52078;0.0;0.095
2.85052;0.0;0.094
2.70302;0.0;0.092
7.10545;0.0;0.096
8.51032;0.013;0.104
10.58588;0.125;0.149
9.7782;0.315;0.27699999999999997
11.2256;0.472;0.32
11.84317;0.5640000000000001;0.309
14.92362;0.626;0.297
13.78356;0.628;0.294
17.302770000000002;0.562;0.275
14.26935;0.473;0.245
17.44285;0.353;0.21600000000000003
15.56167;0.223;0.17500000000000002
15.5475;0.08800000000000001;0.11
32.57393;0.004;0.07200000000000001
37.12084;0.0;0.077
34.86606;0.0;0.078
37.89894;0.0;0.067
17.641479999999994;0.0;0.065
9.31823;0.0;0.07200000000000001
3.90625;0.0;0.079
2.7057900000000004;0.0;0.08
2.39538;0.0;0.077
2.76871;0.0;0.079
2.45585;0.0;0.078
5.95415;0.0;0.08
7.150460000000002;0.006999999999999999;0.085
9.56212;0.078;0.08800000000000001
9.46401;0.195;0.165
9.07795;0.324;0.25
10.83018;0.423;0.275
11.15036;0.46799999999999997;0.262
12.27926;0.447;0.226
14.8302;0.327;0.184
13.38861;0.214;0.151
12.39769;0.141;0.13
14.5359;0.084;0.079
14.09655;0.033;0.037000000000000005
25.78412;0.0;0.021
40.96325;0.0;0.019
38.85347;0.0;0.016
26.475340000000006;0.0;0.019
16.809070000000002;0.0;0.034
9.67038;0.0;0.059
3.66527;0.0;0.078
2.54963;0.0;0.09699999999999999
3.0047200000000003;0.0;0.10800000000000001
2.45566;0.0;0.126
2.72868;0.0;0.135
6.03116;0.0;0.14
9.33674;0.006;0.141
11.90289;0.091;0.16
10.5939;0.252;0.34
10.803;0.445;0.382
13.60925;0.5740000000000001;0.32899999999999996
15.12818;0.645;0.275
15.43034;0.6709999999999999;0.24
15.76009;0.639;0.21899999999999997
14.697679999999998;0.5720000000000001;0.207
17.54431;0.45399999999999996;0.195
15.867020000000002;0.301;0.18100000000000002
18.44951;0.12;0.13
18.44169;0.005;0.07100000000000001
37.4627;0.0;0.06
47.42651;0.0;0.052000000000000005
28.92451;0.0;0.044000000000000004
14.0464;0.0;0.040999999999999995
9.66097;0.0;0.044000000000000004
3.79742;0.0;0.049
2.58963;0.0;0.048
2.85948;0.0;0.047
2.7539700000000003;0.0;0.045
2.93886;0.0;0.039
6.701219999999998;0.0;0.038
8.331760000000001;0.018000000000000002;0.044000000000000004
10.83045;0.159;0.052000000000000005
10.67763;0.35600000000000004;0.069
9.6731;0.51;0.045
12.59405;0.581;0.026
16.03546;0.612;0.02
14.48094;0.602;0.019
16.781979999999994;0.58;0.019
15.05914;0.5579999999999999;0.02
16.53439;0.441;0.02
13.32911;0.237;0.022000000000000002
15.8637;0.085;0.03
26.79708;0.003;0.036000000000000004
36.96047;0.0;0.048
44.74765;0.0;0.049
31.21497;0.0;0.051
18.57446;0.0;0.048
8.21422;0.0;0.049
3.45376;0.0;0.055999999999999994
2.45741;0.0;0.068
2.7227900000000003;0.0;0.076
2.91766;0.0;0.076
2.4251400000000003;0.0;0.077
6.30376;0.0;0.077
7.63908;0.017;0.077
10.28374;0.163;0.057999999999999996
9.06174;0.34400000000000003;0.051
11.3248;0.428;0.046
13.05573;0.45799999999999996;0.028999999999999998
16.582079999999998;0.499;0.019
13.139079999999998;0.478;0.015
13.91795;0.416;0.016
13.97857;0.295;0.022000000000000002
16.78743;0.198;0.026
16.20133;0.09300000000000001;0.024
14.60469;0.025;0.022000000000000002
23.06796;0.0;0.031
30.47826;0.0;0.042
35.010220000000004;0.0;0.039
32.291290000000004;0.0;0.031
16.24588;0.0;0.026
8.083680000000001;0.0;0.028999999999999998
3.09443;0.0;0.046
2.45925;0.0;0.076
3.15883;0.0;0.09699999999999999
2.90384;0.0;0.126
2.6684;0.0;0.156
5.9200800000000005;0.0;0.17600000000000002
8.774519999999999;0.005;0.185
11.34811;0.06;0.149
9.46508;0.145;0.23199999999999998
11.27183;0.24;0.341
12.62831;0.32299999999999995;0.33399999999999996
14.2721;0.365;0.294
14.29726;0.363;0.237
13.594870000000002;0.373;0.184
13.93104;0.401;0.14400000000000002
15.51959;0.321;0.12300000000000001
16.25175;0.223;0.11199999999999999
16.63772;0.099;0.083
28.77975;0.004;0.063
32.2899;0.0;0.069
40.83824;0.0;0.067
38.49796;0.0;0.064
14.77438;0.0;0.068
8.02722;0.0;0.077
3.61593;0.0;0.085
2.92035;0.0;0.08900000000000001
2.88082;0.0;0.103
3.31944;0.0;0.11199999999999999
3.00225;0.0;0.103
7.36245;0.0;0.109
9.28612;0.015;0.124
10.99226;0.149;0.188
11.06585;0.364;0.332
10.40842;0.53;0.299
12.18027;0.6459999999999999;0.24100000000000002
16.765;0.7030000000000001;0.212
16.6399;0.713;0.205
16.2173;0.667;0.207
14.430079999999998;0.591;0.203
15.76606;0.476;0.19699999999999998
15.12757;0.313;0.17500000000000002
21.56652;0.128;0.114
34.68875;0.004;0.077
34.30511;0.0;0.085
44.47343;0.0;0.08199999999999999
31.66578;0.0;0.07
18.3283;0.0;0.063
9.41914;0.0;0.065
3.93522;0.0;0.073
2.58949;0.0;0.08
2.31282;0.0;0.08199999999999999
2.62991;0.0;0.08199999999999999
2.20184;0.0;0.076
5.54518;0.0;0.069
8.69336;0.017;0.07
10.15051;0.139;0.06
8.24199;0.259;0.081
9.9541;0.354;0.085
11.54767;0.43;0.07100000000000001
13.8012;0.446;0.057
16.367379999999994;0.452;0.047
13.612379999999998;0.483;0.042
12.83724;0.509;0.032
13.339720000000002;0.39299999999999996;0.02
12.09814;0.251;0.011000000000000001
17.59902;0.098;0.006999999999999999
18.70167;0.002;0.009000000000000001
35.2466;0.0;0.013
40.50746;0.0;0.016
27.83986;0.0;0.018000000000000002
13.738129999999998;0.0;0.022000000000000002
7.261719999999999;0.0;0.03
2.90748;0.0;0.04
3.5012300000000005;0.0;0.040999999999999995
3.03949;0.0;0.037000000000000005
3.53006;0.0;0.027999999999999997
2.45385;0.0;0.016
7.072939999999999;0.0;0.006999999999999999
10.20415;0.002;0.002
13.581970000000002;0.033;0.001
10.35046;0.079;0.001
10.6709;0.119;0.004
14.65809;0.184;0.011000000000000001
15.16908;0.233;0.026
16.984370000000002;0.24;0.051
18.74063;0.213;0.085
15.68392;0.17500000000000002;0.126
17.985;0.115;0.154
16.891289999999998;0.07200000000000001;0.132
25.2801;0.03;0.077
30.93502;0.0;0.055
36.48524000000001;0.0;0.051
43.51824000000001;0.0;0.034
32.99149;0.0;0.02
17.72401;0.0;0.016
10.61576;0.0;0.013
4.45822;0.0;0.008
2.7082;0.0;0.005
2.43286;0.0;0.003
2.72684;0.0;0.002
2.8086900000000004;0.0;0.002
5.56599;0.0;0.003
8.23905;0.006;0.006999999999999999
11.01928;0.067;0.013999999999999999
9.08818;0.16399999999999998;0.067
13.01266;0.251;0.18
11.36044;0.31;0.265
14.53674;0.34700000000000003;0.28600000000000003
14.88165;0.353;0.253
13.68796;0.34400000000000003;0.196
11.03725;0.313;0.135
14.20643;0.25;0.08199999999999999
12.60403;0.163;0.043
19.83864;0.068;0.019
22.84453;0.002;0.009000000000000001
32.97489;0.0;0.006999999999999999
38.02334000000001;0.0;0.004
27.24487;0.0;0.002
14.517829999999998;0.0;0.001
8.18962;0.0;0.001
3.3485;0.0;0.002
2.4265;0.0;0.002
3.11618;0.0;0.002
2.80616;0.0;0.001
2.7334400000000003;0.0;0.001
6.1052;0.0;0.001
8.191289999999999;0.013;0.001
11.01564;0.134;0.004
10.05451;0.305;0.015
10.31687;0.44299999999999995;0.018000000000000002
14.07636;0.588;0.013999999999999999
15.33724;0.648;0.011000000000000001
16.30016;0.606;0.006999999999999999
14.12132;0.501;0.003
17.35656;0.423;0.001
13.17308;0.312;0.0
16.962429999999998;0.145;0.0
20.6118;0.048;0.0
28.47443;0.001;0.0
29.09816;0.0;0.0
39.30665;0.0;0.0
27.8074;0.0;0.0
13.10374;0.0;0.0
9.43271;0.0;0.0
3.33621;0.0;0.0
3.03516;0.0;0.002
2.8724;0.0;0.004
3.35504;0.0;0.004
3.64576;0.0;0.002
5.80949;0.0;0.001
8.39761;0.013999999999999999;0.0
12.72146;0.147;0.0
11.36919;0.32299999999999995;0.0
12.47522;0.455;0.001
14.18552;0.539;0.001
16.30428;0.5750000000000001;0.002
17.79164;0.561;0.006
16.78846;0.447;0.011000000000000001
17.11382;0.30000000000000004;0.012
19.86918;0.236;0.006999999999999999
17.49916;0.16;0.002
20.9877;0.067;0.0
31.232840000000003;0.002;0.0
44.03268;0.0;0.0
44.52222;0.0;0.002
34.56225;0.0;0.008
18.84461;0.0;0.013999999999999999
8.65295;0.0;0.021
4.10527;0.0;0.028999999999999998
2.21745;0.0;0.039
2.11258;0.0;0.048
2.17762;0.0;0.048
1.9419;0.0;0.028999999999999998
4.00759;0.0;0.006
6.95944;0.016;0.0
9.96707;0.17400000000000002;0.001
10.9332;0.366;0.018000000000000002
7.07631;0.517;0.031
10.61685;0.612;0.057999999999999996
10.98554;0.659;0.08600000000000001
12.05694;0.657;0.08600000000000001
14.60699;0.5870000000000001;0.067
12.26808;0.51;0.049
12.25598;0.374;0.037000000000000005
11.02324;0.214;0.022000000000000002
15.80815;0.07200000000000001;0.008
17.60902;0.001;0.002
31.33588;0.0;0.001
33.68314;0.0;0.0
26.64024;0.0;0.0
14.56767;0.0;0.001
7.054289999999999;0.0;0.002
2.33452;0.0;0.004
2.7851;0.0;0.006999999999999999
3.00698;0.0;0.012
2.64157;0.0;0.016
2.7479400000000003;0.0;0.022000000000000002
5.88769;0.0;0.03
7.79034;0.012;0.042
11.14254;0.13;0.063
9.35598;0.275;0.078
10.99529;0.39299999999999996;0.068
12.19773;0.446;0.061
14.28873;0.493;0.064
11.50074;0.519;0.07200000000000001
13.55019;0.471;0.078
14.5803;0.392;0.08199999999999999
15.25767;0.252;0.08600000000000001
13.33922;0.119;0.081
17.9077;0.038;0.063
22.24537;0.0;0.052000000000000005
31.77948;0.0;0.055999999999999994
44.68545;0.0;0.055999999999999994
30.58434;0.0;0.055
13.50434;0.0;0.059
10.00281;0.0;0.07100000000000001
3.4161300000000003;0.0;0.076
2.49112;0.0;0.07100000000000001
2.07325;0.0;0.065
2.79054;0.0;0.059
2.1901900000000003;0.0;0.055999999999999994
5.89255;0.0;0.059
7.959739999999999;0.012;0.069
9.93284;0.12300000000000001;0.08199999999999999
6.82152;0.341;0.15
7.9694;0.48700000000000004;0.156
12.01267;0.5700000000000001;0.132
11.18717;0.606;0.107
13.533170000000002;0.5870000000000001;0.085
11.38224;0.532;0.063
11.04032;0.43200000000000005;0.047
17.05469;0.278;0.042
14.23486;0.157;0.038
14.58603;0.05;0.026
24.26145;0.0;0.016
27.570190000000004;0.0;0.012
38.33799000000001;0.0;0.006999999999999999
20.90917;0.0;0.005
14.407279999999998;0.0;0.006
7.95804;0.0;0.01
3.002;0.0;0.019
2.89391;0.0;0.026
2.34643;0.0;0.036000000000000004
2.67184;0.0;0.06
3.1517;0.0;0.091
6.17741;0.0;0.103
10.54335;0.005;0.098
10.32407;0.06;0.11699999999999999
9.75582;0.166;0.158
10.55757;0.28600000000000003;0.124
14.46854;0.436;0.066
16.22146;0.48200000000000004;0.051
16.32989;0.379;0.038
15.20241;0.34700000000000003;0.028999999999999998
12.33055;0.28200000000000003;0.025
16.168020000000002;0.195;0.02
17.20251;0.12;0.013
21.75426;0.043;0.005
24.85595;0.0;0.002
32.5466;0.0;0.001
43.79781;0.0;0.001
30.719490000000004;0.0;0.0
13.03784;0.0;0.001
9.78453;0.0;0.001
3.33664;0.0;0.002
2.95737;0.0;0.004
3.03258;0.0;0.011000000000000001
2.8064400000000003;0.0;0.022000000000000002
2.59083;0.0;0.040999999999999995
5.32359;0.0;0.057999999999999996
7.49627;0.006;0.06
11.63501;0.08900000000000001;0.09
11.03674;0.23399999999999999;0.15
10.89363;0.376;0.165
10.59188;0.451;0.156
13.370220000000002;0.478;0.14
14.99936;0.43799999999999994;0.121
14.79466;0.415;0.102
14.20779;0.369;0.08199999999999999
14.867729999999998;0.299;0.063
15.63824;0.2;0.047
18.80737;0.08800000000000001;0.03
22.28037;0.003;0.017
32.75397;0.0;0.013999999999999999
34.81302;0.0;0.01
26.44712;0.0;0.006999999999999999
15.80977;0.0;0.008
9.01481;0.0;0.011000000000000001
3.64585;0.0;0.016
2.77668;0.0;0.019
2.4774;0.0;0.019
3.13596;0.0;0.013999999999999999
2.10323;0.0;0.008
5.49516;0.0;0.005
7.76598;0.006;0.002
14.42475;0.07200000000000001;0.0
9.28968;0.20199999999999999;0.0
9.85027;0.45;0.0
11.3393;0.5920000000000001;0.0
15.78731;0.612;0.0
13.99532;0.5750000000000001;0.0
13.50318;0.552;0.001
11.63297;0.496;0.001
14.217579999999998;0.40299999999999997;0.004
13.83308;0.261;0.006
15.13045;0.099;0.004
26.79209;0.002;0.004
27.71457;0.0;0.005
39.78861;0.0;0.002
33.96955;0.0;0.0
15.05417;0.0;0.0
9.96471;0.0;0.0
3.69111;0.0;0.001
1.83076;0.0;0.003
2.0344;0.0;0.009000000000000001
2.6117;0.0;0.016
2.34945;0.0;0.025
6.09258;0.0;0.039
7.17778;0.015;0.055
10.08413;0.165;0.055
8.22642;0.34600000000000003;0.08199999999999999
9.74601;0.483;0.09
11.48194;0.536;0.039
10.9723;0.513;0.005
11.72253;0.43700000000000006;0.003
13.84101;0.326;0.004
9.89236;0.23399999999999999;0.003
10.522;0.193;0.002
10.5907;0.132;0.001
18.028;0.034;0.0
24.22418;0.0;0.0
24.72701;0.0;0.0
37.6543;0.0;0.0
26.50952;0.0;0.0
14.08813;0.0;0.0
7.62948;0.0;0.0
3.43096;0.0;0.0
2.8525400000000003;0.0;0.0
2.59741;0.0;0.0
2.7321;0.0;0.003
3.25083;0.0;0.013
6.69423;0.0;0.021
7.878789999999999;0.004;0.015
10.57743;0.064;0.009000000000000001
8.510589999999999;0.168;0.013999999999999999
12.44405;0.278;0.031
12.28911;0.38;0.07100000000000001
14.90802;0.444;0.118
14.04325;0.493;0.136
14.07231;0.49200000000000005;0.138
11.53157;0.462;0.14200000000000002
13.02831;0.38799999999999996;0.139
12.60533;0.27;0.122
15.88221;0.104;0.09300000000000001
25.03519;0.002;0.067
38.52436;0.0;0.073
42.15845;0.0;0.07
27.92819;0.0;0.066
14.10439;0.0;0.068
8.568480000000001;0.0;0.076
3.55304;0.0;0.083
1.81437;0.0;0.08199999999999999
2.14327;0.0;0.08600000000000001
2.23892;0.0;0.094
1.85314;0.0;0.094
4.7508;0.0;0.08900000000000001
6.12597;0.016;0.081
11.32249;0.17500000000000002;0.07200000000000001
7.84887;0.389;0.059
8.382760000000001;0.513;0.028999999999999998
10.41563;0.599;0.019
9.51919;0.629;0.016
10.38425;0.621;0.012
13.2189;0.5720000000000001;0.009000000000000001
10.94247;0.485;0.006999999999999999
12.63572;0.37200000000000005;0.006
9.52896;0.179;0.004
13.49098;0.053;0.003
16.19924;0.0;0.001
26.03168;0.0;0.0
30.20475;0.0;0.0
22.84132;0.0;0.0
15.14042;0.0;0.0
6.09825;0.0;0.0
2.79453;0.0;0.0
1.89835;0.0;0.0
2.43637;0.0;0.0
1.86766;0.0;0.0
2.25351;0.0;0.0
4.69571;0.0;0.0
7.165960000000001;0.006;0.003
9.84907;0.09300000000000001;0.009000000000000001
9.12187;0.267;0.006
7.63382;0.429;0.0
11.82907;0.528;0.0
12.49017;0.5760000000000001;0.0
14.22637;0.596;0.0
11.3159;0.584;0.001
13.40612;0.511;0.003
13.83786;0.381;0.004
14.720529999999998;0.247;0.003
17.19288;0.095;0.001
20.62172;0.002;0.002
27.63496;0.0;0.003
30.35886;0.0;0.001
27.88906;0.0;0.0
11.01238;0.0;0.0
5.99378;0.0;0.001
3.02905;0.0;0.0
2.89395;0.0;0.0
2.7536;0.0;0.0
2.19152;0.0;0.0
2.4860900000000004;0.0;0.0
6.454280000000002;0.0;0.0
9.08171;0.016;0.001
11.31291;0.17400000000000002;0.006999999999999999
8.73202;0.358;0.019
11.9769;0.494;0.039
11.93128;0.547;0.044000000000000004
16.3;0.581;0.042
13.241370000000002;0.5700000000000001;0.04
16.66221;0.523;0.038
13.04073;0.412;0.036000000000000004
14.56974;0.28500000000000003;0.034
14.08243;0.17;0.034
15.28802;0.063;0.034
27.01105;0.0;0.037000000000000005
37.17746;0.0;0.044000000000000004
45.28002;0.0;0.040999999999999995
34.84373;0.0;0.040999999999999995
15.94044;0.0;0.042
7.985710000000001;0.0;0.044000000000000004
3.70587;0.0;0.047
2.31251;0.0;0.047
2.66213;0.0;0.047
2.45404;0.0;0.06
2.45488;0.0;0.073
5.98302;0.0;0.085
5.49137;0.003;0.1
10.12462;0.047;0.102
9.67609;0.11699999999999999;0.134
9.21421;0.206;0.17800000000000002
11.10017;0.259;0.14800000000000002
12.91103;0.30000000000000004;0.09699999999999999
15.32715;0.299;0.063
11.83817;0.263;0.048
15.521529999999998;0.215;0.039
14.22179;0.158;0.028999999999999998
12.94596;0.094;0.021
15.155170000000002;0.032;0.013
20.27629;0.0;0.011000000000000001
30.74285;0.0;0.012
39.38136;0.0;0.009000000000000001
30.41887;0.0;0.006999999999999999
10.86279;0.0;0.006
7.86256;0.0;0.006999999999999999
3.26413;0.0;0.008
3.75374;0.0;0.01
3.53338;0.0;0.013
3.22491;0.0;0.013999999999999999
3.285;0.0;0.011000000000000001
8.27218;0.0;0.006
10.88382;0.006999999999999999;0.002
12.2019;0.091;0.0
11.49488;0.205;0.0
11.9204;0.303;0.001
14.12358;0.368;0.002
20.11575;0.46299999999999997;0.002
17.39875;0.474;0.002
17.93945;0.452;0.002
16.25977;0.39299999999999996;0.002
19.91277;0.295;0.002
15.40099;0.187;0.004
20.87811;0.067;0.005
27.0074;0.0;0.008
42.5767;0.0;0.011000000000000001
45.16881;0.0;0.011000000000000001
36.10359;0.0;0.009000000000000001
19.15256;0.0;0.01
10.04536;0.0;0.013
3.69401;0.0;0.009000000000000001
2.96317;0.0;0.006
2.94902;0.0;0.006
3.27975;0.0;0.006
2.89991;0.0;0.006999999999999999
7.4401100000000016;0.0;0.006999999999999999
9.73601;0.006999999999999999;0.006
12.50631;0.098;0.008
9.03413;0.237;0.022000000000000002
10.46837;0.368;0.039
14.46652;0.429;0.045
15.87026;0.474;0.040999999999999995
16.69142;0.452;0.040999999999999995
14.57605;0.411;0.044000000000000004
14.89974;0.33799999999999997;0.042
18.15432;0.249;0.037000000000000005
14.94569;0.149;0.032
19.23132;0.052000000000000005;0.026
30.87179;0.0;0.022000000000000002
40.43863;0.0;0.023
47.45706;0.0;0.022000000000000002
32.172090000000004;0.0;0.018000000000000002
18.29261;0.0;0.011000000000000001
9.5697;0.0;0.004
3.9209;0.0;0.001
2.74879;0.0;0.0
3.18587;0.0;0.0
2.38843;0.0;0.001
3.05865;0.0;0.002
5.58409;0.0;0.006999999999999999
8.84828;0.006999999999999999;0.027999999999999997
11.2533;0.091;0.063
9.53766;0.217;0.091
9.89035;0.39799999999999996;0.105
11.43829;0.606;0.098
15.9493;0.619;0.08
14.61885;0.649;0.065
14.60308;0.625;0.055
13.08348;0.517;0.045
14.66387;0.36200000000000004;0.036000000000000004
15.68005;0.201;0.034
18.04972;0.059;0.027000000000000003
26.45286;0.0;0.021
34.13837;0.0;0.033
40.44902;0.0;0.053
28.30064;0.0;0.073
16.54206;0.0;0.077
7.85613;0.0;0.064
3.840430000000001;0.0;0.052000000000000005
2.26336;0.0;0.04
2.78725;0.0;0.034
3.15125;0.0;0.031
3.20664;0.0;0.028999999999999998
7.73521;0.0;0.032
10.00527;0.002;0.043
11.27437;0.06;0.051
10.5901;0.171;0.039
11.86307;0.266;0.032
13.99409;0.32;0.019
16.42462;0.364;0.011000000000000001
18.26389;0.379;0.009000000000000001
16.04211;0.37799999999999995;0.004
13.34796;0.34900000000000003;0.002
16.4262;0.276;0.002
14.790870000000002;0.166;0.002
23.34567;0.07100000000000001;0.003
29.525170000000006;0.001;0.004
40.5752;0.0;0.006999999999999999
40.54142;0.0;0.009000000000000001
29.67755;0.0;0.011000000000000001
17.58821;0.0;0.019
8.21423;0.0;0.032
3.66792;0.0;0.047
2.3701;0.0;0.052000000000000005
2.56511;0.0;0.048
2.2017;0.0;0.042
2.61605;0.0;0.040999999999999995
4.53305;0.0;0.044000000000000004
6.1020900000000005;0.013;0.053
10.17623;0.152;0.054000000000000006
9.60661;0.33799999999999997;0.051
7.337510000000001;0.484;0.027999999999999997
11.21022;0.5630000000000001;0.008
13.66506;0.602;0.002
8.85449;0.604;0.0
13.373029999999998;0.55;0.0
11.74301;0.465;0.0
10.4617;0.34900000000000003;0.0
13.91208;0.207;0.0
18.6569;0.08;0.0
23.2865;0.0;0.0
30.19078;0.0;0.0
29.15022;0.0;0.0
23.12583;0.0;0.0
13.29766;0.0;0.001
7.1872;0.0;0.005
2.86173;0.0;0.01
2.73659;0.0;0.012
2.5836900000000003;0.0;0.011000000000000001
1.82578;0.0;0.006999999999999999
2.15807;0.0;0.006999999999999999
5.50376;0.0;0.011000000000000001
6.7241100000000005;0.006;0.02
11.22727;0.08900000000000001;0.040999999999999995
7.6991;0.214;0.129
7.33635;0.331;0.16399999999999998
12.40903;0.416;0.165
9.97981;0.42700000000000005;0.161
11.0402;0.41;0.166
13.58349;0.35200000000000004;0.171
10.95784;0.294;0.165
13.17308;0.22399999999999998;0.159
12.80673;0.154;0.14300000000000002
15.03325;0.061;0.094
24.12053;0.0;0.068
37.75815;0.0;0.078
31.28606;0.0;0.09300000000000001
21.14095;0.0;0.11199999999999999
12.3391;0.0;0.113
7.206069999999999;0.0;0.113
3.2541900000000004;0.0;0.11199999999999999
3.08554;0.0;0.114
3.04127;0.0;0.10800000000000001
3.16688;0.0;0.096
2.80261;0.0;0.09
7.21802;0.0;0.08600000000000001
8.150160000000001;0.005;0.06
13.473720000000002;0.076;0.051
11.16579;0.22;0.067
11.35339;0.387;0.075
12.24513;0.516;0.064
16.92141;0.583;0.048
15.22744;0.604;0.027000000000000003
14.6003;0.584;0.011000000000000001
15.91859;0.516;0.005
15.89576;0.424;0.004
15.28654;0.271;0.006
20.00183;0.111;0.011000000000000001
30.59006;0.002;0.024
34.31217;0.0;0.043
45.62436;0.0;0.044000000000000004
30.925290000000004;0.0;0.032
20.91458;0.0;0.019
9.94037;0.0;0.011000000000000001
4.08253;0.0;0.006999999999999999
2.57524;0.0;0.005
2.49985;0.0;0.005
2.76529;0.0;0.004
2.47823;0.0;0.004
5.50655;0.0;0.003
7.510210000000002;0.01;0.002
11.20172;0.136;0.001
8.72782;0.32;0.0
10.91115;0.486;0.0
12.65247;0.601;0.002
14.170279999999998;0.6920000000000001;0.006
16.92185;0.6920000000000001;0.012
14.99594;0.6559999999999999;0.016
9.6144;0.5589999999999999;0.019
16.30239;0.431;0.017
15.38234;0.26899999999999996;0.013
20.76744;0.098;0.006999999999999999
25.8672;0.001;0.005
37.19556;0.0;0.004
40.59505;0.0;0.002
30.18119;0.0;0.001
17.46003;0.0;0.001
7.957889999999999;0.0;0.001
2.97573;0.0;0.001
3.50136;0.0;0.002
3.4372;0.0;0.003
2.76558;0.0;0.004
2.90827;0.0;0.004
6.53592;0.0;0.005
9.08481;0.003;0.005
13.42794;0.067;0.006
9.66384;0.22399999999999998;0.005
8.80666;0.45399999999999996;0.0
14.82377;0.58;0.0
15.54718;0.66;0.001
13.81857;0.66;0.006999999999999999
17.01226;0.618;0.015
17.317;0.537;0.019
13.98703;0.416;0.017
14.30536;0.265;0.013
16.306379999999994;0.104;0.009000000000000001
26.559040000000003;0.001;0.009000000000000001
35.4795;0.0;0.009000000000000001
45.35138;0.0;0.006
34.148720000000004;0.0;0.005
15.98816;0.0;0.005
8.46965;0.0;0.004
3.88314;0.0;0.002
2.73529;0.0;0.001
3.15702;0.0;0.0
3.04156;0.0;0.0
2.8406;0.0;0.0
5.78147;0.0;0.0
8.11495;0.015;0.0
11.84279;0.17600000000000002;0.001
10.00158;0.34;0.003
10.96391;0.48100000000000004;0.004
13.3058;0.597;0.003
14.46545;0.608;0.005
12.39653;0.596;0.009000000000000001
14.65401;0.5650000000000001;0.013
15.72207;0.48700000000000004;0.017
15.25916;0.358;0.023
15.51531;0.184;0.027000000000000003
16.199189999999998;0.063;0.024
26.11589;0.0;0.02
34.34259;0.0;0.02
39.44402;0.0;0.02
30.22538;0.0;0.019
15.19962;0.0;0.018000000000000002
8.525310000000001;0.0;0.017
4.1177800000000016;0.0;0.015
2.09086;0.0;0.013999999999999999
2.2643;0.0;0.019
2.16887;0.0;0.025
2.57938;0.0;0.028999999999999998
6.17431;0.0;0.027000000000000003
7.565069999999999;0.005;0.022000000000000002
12.27591;0.083;0.018000000000000002
6.4235;0.218;0.027000000000000003
7.80813;0.4;0.035
10.23311;0.5589999999999999;0.037000000000000005
13.479870000000002;0.643;0.035
12.61618;0.684;0.027000000000000003
14.48952;0.665;0.016
14.30875;0.58;0.009000000000000001
13.67503;0.441;0.006
14.94377;0.276;0.006
12.00093;0.106;0.006999999999999999
28.26611;0.001;0.008
33.845690000000005;0.0;0.011000000000000001
39.04762;0.0;0.01
28.594140000000003;0.0;0.008
14.73598;0.0;0.006999999999999999
7.96442;0.0;0.006999999999999999
2.98688;0.0;0.009000000000000001
2.50722;0.0;0.01
2.89454;0.0;0.009000000000000001
2.79197;0.0;0.006
2.59911;0.0;0.002
6.33186;0.0;0.0
9.03607;0.006999999999999999;0.0
11.35984;0.1;0.0
9.1524;0.259;0.001
9.87701;0.436;0.009000000000000001
12.16557;0.555;0.018000000000000002
13.96286;0.616;0.028999999999999998
17.01649;0.627;0.034
16.47206;0.595;0.036000000000000004
14.02434;0.528;0.038
15.92606;0.41700000000000004;0.035
14.43511;0.262;0.027000000000000003
17.38557;0.09300000000000001;0.016
25.04405;0.001;0.009000000000000001
34.37384;0.0;0.005
47.38111;0.0;0.002
32.07168;0.0;0.001
17.34891;0.0;0.001
8.92254;0.0;0.001
3.52218;0.0;0.005
3.12784;0.0;0.013
2.65685;0.0;0.018000000000000002
2.57285;0.0;0.016
3.13357;0.0;0.006
6.8426;0.0;0.0
8.19705;0.013999999999999999;0.0
12.73682;0.183;0.003
10.36088;0.381;0.027000000000000003
11.80143;0.53;0.03
11.46487;0.616;0.036000000000000004
11.93742;0.6459999999999999;0.040999999999999995
15.4327;0.64;0.04
16.159370000000006;0.603;0.034
12.18716;0.499;0.027000000000000003
16.49898;0.361;0.017
16.14388;0.205;0.01
16.19966;0.061;0.005
24.93415;0.0;0.005
47.06209000000001;0.0;0.006999999999999999
39.34308;0.0;0.005
33.77817;0.0;0.002
16.60924;0.0;0.002
8.32168;0.0;0.003
3.93574;0.0;0.004
2.90461;0.0;0.008
3.2147900000000003;0.0;0.02
3.34265;0.0;0.036000000000000004
3.50794;0.0;0.047
5.66173;0.0;0.047
9.07007;0.004;0.034
11.0031;0.076;0.023
10.16933;0.2;0.021
11.56633;0.312;0.012
12.46242;0.358;0.005
16.27693;0.359;0.004
15.77117;0.33;0.006
16.18954;0.292;0.01
12.06466;0.228;0.01
15.81445;0.166;0.009000000000000001
12.8245;0.091;0.006999999999999999
17.83894;0.032;0.004
24.02652;0.0;0.003
40.63846;0.0;0.002
37.08494;0.0;0.001
33.165;0.0;0.001
14.59697;0.0;0.0
9.38218;0.0;0.0
3.35356;0.0;0.0
3.42231;0.0;0.0
2.84843;0.0;0.0
2.60025;0.0;0.0
3.3104400000000003;0.0;0.0
5.87995;0.0;0.0
9.13878;0.002;0.0
11.63628;0.062;0.001
8.681000000000001;0.19;0.002
10.79396;0.35600000000000004;0.016
13.35145;0.524;0.027000000000000003
16.309060000000002;0.611;0.035
14.5466;0.603;0.034
14.9072;0.537;0.025
15.32959;0.45;0.015
14.63789;0.33799999999999997;0.006
15.6144;0.193;0.001
19.79393;0.07400000000000001;0.0
26.70286;0.0;0.0
38.08053;0.0;0.0
38.71861;0.0;0.0
30.02262;0.0;0.0
14.9759;0.0;0.0
7.12885;0.0;0.0
3.97915;0.0;0.0
2.51652;0.0;0.001
3.03459;0.0;0.001
2.7258400000000003;0.0;0.001
2.978;0.0;0.0
6.02243;0.0;0.0
8.77748;0.005;0.0
13.02126;0.091;0.0
10.07785;0.242;0.0
11.0699;0.35100000000000003;0.003
13.87685;0.45;0.005
16.12733;0.484;0.006999999999999999
15.260470000000002;0.499;0.009000000000000001
19.29114;0.45399999999999996;0.012
14.2597;0.39799999999999996;0.015
17.25232;0.28800000000000003;0.016
16.73405;0.16699999999999998;0.01
17.53364;0.05;0.005
24.21482;0.0;0.002
38.64974;0.0;0.001
38.74446;0.0;0.001
33.452040000000004;0.0;0.003
16.018279999999994;0.0;0.008
7.9179;0.0;0.015
3.29882;0.0;0.02
2.40952;0.0;0.023
2.85727;0.0;0.024
3.00428;0.0;0.021
2.96826;0.0;0.018000000000000002
5.84462;0.0;0.013999999999999999
8.44355;0.004;0.012
11.25894;0.08;0.009000000000000001
10.0064;0.185;0.019
10.62773;0.265;0.048
15.41926;0.36;0.07100000000000001
13.2366;0.411;0.085
16.029770000000006;0.428;0.08
15.83293;0.40399999999999997;0.066
14.71231;0.309;0.054000000000000006
12.81022;0.214;0.053
15.54609;0.113;0.052000000000000005
16.05465;0.038;0.039
22.988000000000003;0.0;0.024
33.16734;0.0;0.026
34.413909999999994;0.0;0.039
29.31961;0.0;0.06
15.75377;0.0;0.07100000000000001
8.60442;0.0;0.07100000000000001
3.13808;0.0;0.067
2.34641;0.0;0.069
2.98485;0.0;0.085
2.6971;0.0;0.10800000000000001
2.93126;0.0;0.106
6.16102;0.0;0.095
11.12599;0.006999999999999999;0.08700000000000001
11.65762;0.10099999999999999;0.06
10.90209;0.221;0.028999999999999998
10.77844;0.33299999999999996;0.011000000000000001
12.72684;0.41;0.004
15.29332;0.483;0.002
18.04262;0.536;0.001
15.39386;0.552;0.001
11.97732;0.474;0.001
16.555629999999994;0.326;0.002
16.60369;0.172;0.004
20.15695;0.063;0.004
28.499840000000006;0.0;0.002
30.97175;0.0;0.001
38.13388;0.0;0.0
30.08903;0.0;0.0
16.85314;0.0;0.0
7.28309;0.0;0.0
3.737;0.0;0.001
2.8188;0.0;0.0
2.69719;0.0;0.0
3.04217;0.0;0.0
3.04126;0.0;0.0
6.09566;0.0;0.0
8.00462;0.01;0.0
11.31563;0.14200000000000002;0.0
9.06073;0.35100000000000003;0.001
10.00637;0.525;0.001
12.21709;0.637;0.003
14.93995;0.6930000000000001;0.015
13.0878;0.6960000000000001;0.027000000000000003
15.59847;0.639;0.03
12.42704;0.5329999999999999;0.026
14.26349;0.402;0.018000000000000002
15.80328;0.24;0.013
17.201529999999998;0.08;0.008
23.86526;0.0;0.006
29.21225;0.0;0.004
37.0464;0.0;0.002
32.36448;0.0;0.001
15.77631;0.0;0.0
8.99947;0.0;0.0
3.41847;0.0;0.001
2.8693;0.0;0.002
3.87046;0.0;0.005
3.1095;0.0;0.006
2.43909;0.0;0.006
7.2716;0.0;0.006999999999999999
9.39677;0.005;0.009000000000000001
12.59575;0.10099999999999999;0.016
8.78634;0.276;0.027000000000000003
10.7598;0.45;0.02
13.03745;0.5640000000000001;0.011000000000000001
13.82296;0.602;0.01
16.210060000000002;0.611;0.01
20.7252;0.557;0.01
15.67811;0.48;0.009000000000000001
15.89129;0.37;0.006999999999999999
16.46755;0.23;0.005
20.97658;0.078;0.002
26.06013;0.0;0.001
42.85529;0.0;0.0
46.57095;0.0;0.0
37.59458;0.0;0.0
16.644270000000002;0.0;0.0
9.13876;0.0;0.0
3.65985;0.0;0.001
3.42076;0.0;0.002
3.12331;0.0;0.003
2.9056900000000003;0.0;0.001
2.59362;0.0;0.001
6.0895;0.0;0.003
8.20979;0.009000000000000001;0.005
13.46581;0.14;0.006999999999999999
9.86781;0.315;0.036000000000000004
11.97536;0.444;0.061
13.146770000000002;0.522;0.073
14.857079999999998;0.5489999999999999;0.076
16.35979;0.537;0.069
11.35124;0.451;0.059
13.85428;0.33899999999999997;0.049
14.39953;0.24100000000000002;0.036000000000000004
15.45944;0.14300000000000002;0.021
16.0091;0.038;0.01
24.9708;0.0;0.006
38.31196;0.0;0.004
34.08442;0.0;0.002
40.48361;0.0;0.0
15.87606;0.0;0.0
10.86713;0.0;0.0
3.79439;0.0;0.0
2.74208;0.0;0.001
2.84984;0.0;0.001
3.21099;0.0;0.002
2.37473;0.0;0.001
5.27303;0.0;0.001
7.1436600000000015;0.004;0.0
10.41951;0.077;0.0
9.44257;0.185;0.0
10.39446;0.301;0.001
11.55383;0.395;0.006999999999999999
12.01456;0.45799999999999996;0.018000000000000002
10.01254;0.52;0.028999999999999998
14.1633;0.55;0.036000000000000004
12.42702;0.48;0.042
12.34381;0.364;0.042
13.32559;0.21899999999999997;0.036000000000000004
16.54508;0.075;0.024
25.436020000000006;0.0;0.017
31.23963;0.0;0.011000000000000001
36.88939;0.0;0.004
24.77235;0.0;0.001
14.7281;0.0;0.0
8.48535;0.0;0.0
3.50575;0.0;0.0
2.59115;0.0;0.001
2.55033;0.0;0.001
2.42829;0.0;0.0
2.5205900000000003;0.0;0.0
5.40854;0.0;0.0
6.8475800000000016;0.005;0.0
10.14898;0.094;0.0
7.49406;0.242;0.0
9.11522;0.39799999999999996;0.002
9.81431;0.512;0.013999999999999999
12.52085;0.552;0.036000000000000004
12.24044;0.535;0.061
14.72534;0.435;0.078
12.51761;0.38299999999999995;0.08600000000000001
13.19234;0.297;0.08700000000000001
12.08656;0.179;0.076
15.9274;0.057;0.049
24.54467;0.0;0.027000000000000003
37.35733;0.0;0.024
34.11504;0.0;0.023
30.658690000000004;0.0;0.027999999999999997
14.76445;0.0;0.038
8.54717;0.0;0.038
3.48836;0.0;0.03
3.2336;0.0;0.025
3.46149;0.0;0.028999999999999998
3.40005;0.0;0.038
2.85147;0.0;0.043
6.62425;0.0;0.034
8.63363;0.003;0.015
12.28136;0.078;0.001
9.62749;0.222;0.001
12.03144;0.36200000000000004;0.017
11.86155;0.483;0.040999999999999995
18.2232;0.541;0.06
14.22315;0.539;0.066
17.306179999999998;0.503;0.059
15.31449;0.412;0.045
17.08811;0.312;0.031
16.875420000000002;0.19;0.017
18.8847;0.07200000000000001;0.008
27.17145;0.0;0.004
38.87615;0.0;0.003
46.75303;0.0;0.002
39.14113;0.0;0.001
15.33456;0.0;0.001
8.54429;0.0;0.001
4.05546;0.0;0.002
2.8551;0.0;0.003
3.0358400000000003;0.0;0.004
3.29976;0.0;0.004
2.98855;0.0;0.002
7.152260000000001;0.0;0.0
9.68629;0.009000000000000001;0.0
13.89106;0.156;0.0
9.2745;0.359;0.008
12.44307;0.518;0.013
17.77365;0.619;0.011000000000000001
16.43298;0.6559999999999999;0.012
16.01781;0.669;0.012
16.41457;0.649;0.011000000000000001
17.68092;0.5670000000000001;0.01
18.12331;0.449;0.011000000000000001
18.2199;0.27899999999999997;0.013
19.65296;0.09699999999999999;0.015
29.680770000000006;0.0;0.027000000000000003
40.84532;0.0;0.039
43.5597;0.0;0.037000000000000005
35.17495;0.0;0.035
17.387079999999994;0.0;0.034
9.47225;0.0;0.036000000000000004
3.89051;0.0;0.040999999999999995
2.2859700000000003;0.0;0.048
2.50668;0.0;0.057999999999999996
2.51151;0.0;0.066
2.86306;0.0;0.077
4.59725;0.0;0.079
7.94441;0.006;0.08600000000000001
10.67855;0.113;0.077
8.550089999999999;0.281;0.067
8.16119;0.457;0.026
13.11135;0.56;0.011000000000000001
11.62847;0.628;0.005
13.44831;0.639;0.001
13.346520000000002;0.556;0.006
13.1175;0.424;0.017
12.86919;0.327;0.024
14.84753;0.212;0.016
15.69522;0.068;0.005
21.87996;0.0;0.001
32.87336;0.0;0.0
47.2297;0.0;0.0
23.27373;0.0;0.0
13.79944;0.0;0.0
7.81143;0.0;0.0
3.45758;0.0;0.001
2.72326;0.0;0.002
2.49888;0.0;0.004
2.38592;0.0;0.004
2.89516;0.0;0.004
6.55041;0.0;0.002
8.426919999999999;0.005;0.001
10.06243;0.10800000000000001;0.0
9.93568;0.27399999999999997;0.0
9.44962;0.416;0.005
14.40099;0.53;0.017
13.48247;0.5690000000000001;0.031
16.00443;0.5690000000000001;0.046
15.82785;0.512;0.057
11.94534;0.425;0.057
14.41851;0.31;0.051
15.38357;0.16899999999999998;0.037000000000000005
12.29085;0.057;0.019
27.00869;0.0;0.003
31.67835;0.0;0.0
37.15621;0.0;0.0
26.56226;0.0;0.0
15.01424;0.0;0.0
8.8499;0.0;0.002
2.95976;0.0;0.009000000000000001
2.99405;0.0;0.013999999999999999
2.31838;0.0;0.02
2.6985200000000003;0.0;0.037000000000000005
2.48576;0.0;0.055
5.51286;0.0;0.064
7.46528;0.006999999999999999;0.066
8.47368;0.14;0.064
9.57529;0.35700000000000004;0.022000000000000002
9.77728;0.515;0.002
8.98077;0.625;0.019
11.81113;0.685;0.049
14.10077;0.6659999999999999;0.067
12.6178;0.62;0.066
13.23106;0.521;0.057
12.23955;0.39;0.049
14.70461;0.235;0.044000000000000004
14.86593;0.078;0.040999999999999995
17.761120000000005;0.0;0.04
30.45043;0.0;0.043
32.08574;0.0;0.037000000000000005
25.60215;0.0;0.028999999999999998
12.30899;0.0;0.019
8.07066;0.0;0.013999999999999999
2.88489;0.0;0.012
2.36862;0.0;0.012
2.28305;0.0;0.016
2.3969400000000003;0.0;0.021
2.44773;0.0;0.02
5.64365;0.0;0.012
6.88285;0.001;0.009000000000000001
10.12651;0.055999999999999994;0.013
8.09123;0.161;0.035
9.89958;0.27;0.064
12.41895;0.32;0.078
13.8277;0.342;0.07200000000000001
12.07479;0.337;0.051
14.228279999999998;0.293;0.027999999999999997
13.60856;0.239;0.012
15.32363;0.16899999999999998;0.004
15.98567;0.091;0.001
17.47259;0.027000000000000003;0.0
24.22885;0.0;0.0
33.74066;0.0;0.0
31.689;0.0;0.0
27.24779;0.0;0.0
12.98943;0.0;0.0
8.6252;0.0;0.0
3.89735;0.0;0.0
1.94508;0.0;0.0
2.13104;0.0;0.0
1.89889;0.0;0.0
2.02368;0.0;0.0
3.45205;0.0;0.0
6.53833;0.004;0.0
8.427710000000001;0.092;0.0
8.70138;0.237;0.002
8.69308;0.38799999999999996;0.006
8.214260000000001;0.508;0.013999999999999999
13.38135;0.612;0.019
8.09025;0.653;0.021
10.72701;0.604;0.024
11.32616;0.498;0.025
12.14338;0.358;0.027000000000000003
11.9479;0.20199999999999999;0.024
15.63484;0.064;0.015
22.17284;0.0;0.009000000000000001
35.17078;0.0;0.004
27.14658;0.0;0.001
18.40864;0.0;0.0
11.20472;0.0;0.001
7.1258300000000006;0.0;0.002
2.94006;0.0;0.005
3.0477;0.0;0.006999999999999999
3.27662;0.0;0.009000000000000001
2.98216;0.0;0.01
2.65679;0.0;0.008
6.39578;0.0;0.002
8.02386;0.003;0.0
14.32028;0.063;0.0
9.57625;0.151;0.002
9.80537;0.235;0.003
13.91354;0.335;0.003
17.05505;0.387;0.005
15.91862;0.387;0.01
16.43689;0.324;0.013
15.17585;0.267;0.015
17.07317;0.18100000000000002;0.015
17.7115;0.09699999999999999;0.011000000000000001
17.44889;0.026;0.004
25.25243;0.0;0.001
39.96906;0.0;0.0
44.14599000000001;0.0;0.0
35.59292;0.0;0.0
15.5474;0.0;0.0
9.34795;0.0;0.0
3.64729;0.0;0.0
2.64171;0.0;0.0
2.63046;0.0;0.0
2.5995;0.0;0.0
2.67141;0.0;0.0
5.13317;0.0;0.0
7.0884;0.002;0.0
13.18646;0.069;0.001
8.942789999999997;0.177;0.003
9.77402;0.255;0.005
13.17381;0.32899999999999996;0.004
13.72346;0.381;0.004
11.8277;0.402;0.003
16.79801;0.374;0.003
11.42344;0.289;0.002
14.54204;0.18100000000000002;0.001
17.871589999999994;0.092;0.001
15.23112;0.026;0.001
18.71467;0.0;0.002
30.71416;0.0;0.003
40.98359;0.0;0.006
29.50881;0.0;0.009000000000000001
14.78146;0.0;0.011000000000000001
7.67289;0.0;0.011000000000000001
3.10191;0.0;0.012
2.07672;0.0;0.016
1.57704;0.0;0.015
2.00513;0.0;0.009000000000000001
2.23556;0.0;0.003
5.2092800000000015;0.0;0.001
6.9180199999999985;0.001;0.0
9.42592;0.061;0.001
8.1156;0.18100000000000002;0.005
10.2531;0.28700000000000003;0.01
9.63482;0.43200000000000005;0.017
11.74538;0.505;0.018000000000000002
11.61841;0.511;0.018000000000000002
14.32656;0.48;0.016
10.72548;0.391;0.011000000000000001
13.51761;0.244;0.006
11.03055;0.119;0.002
14.07246;0.035;0.0
23.44566;0.0;0.0
30.18876;0.0;0.0
35.74673;0.0;0.0
23.65614;0.0;0.0
13.38506;0.0;0.0
8.07809;0.0;0.0
2.95121;0.0;0.001
3.1072;0.0;0.003
3.09441;0.0;0.005
2.98955;0.0;0.005
3.20778;0.0;0.005
6.07565;0.0;0.004
7.614619999999999;0.005;0.003
13.272620000000002;0.119;0.001
8.98465;0.309;0.003
10.98953;0.48;0.028999999999999998
14.41867;0.59;0.057999999999999996
14.32117;0.629;0.076
14.41019;0.615;0.081
15.28933;0.5660000000000001;0.076
11.6782;0.47;0.067
14.71705;0.355;0.054000000000000006
15.56727;0.215;0.040999999999999995
17.65857;0.064;0.022000000000000002
34.586659999999995;0.0;0.008
39.6188;0.0;0.003
44.42787;0.0;0.0
34.5001;0.0;0.0
15.944629999999998;0.0;0.0
7.98528;0.0;0.0
4.1079;0.0;0.0
2.498;0.0;0.0
2.87641;0.0;0.0
2.9051400000000003;0.0;0.0
2.35062;0.0;0.0
5.98079;0.0;0.0
7.58835;0.006999999999999999;0.0
10.34163;0.14800000000000002;0.0
8.70394;0.33;0.01
10.88206;0.483;0.021
12.0468;0.58;0.026
13.57261;0.62;0.027000000000000003
15.18054;0.601;0.027000000000000003
14.3678;0.467;0.024
13.03689;0.355;0.018000000000000002
16.3679;0.27899999999999997;0.012
12.42722;0.147;0.008
20.3556;0.046;0.004
18.85344;0.0;0.002
33.14201;0.0;0.001
45.43968;0.0;0.001
26.021320000000006;0.0;0.001
15.9716;0.0;0.001
8.25194;0.0;0.002
3.2079;0.0;0.004
2.57747;0.0;0.006
2.33513;0.0;0.006999999999999999
2.06092;0.0;0.008
2.10281;0.0;0.006
5.72464;0.0;0.002
7.38293;0.008;0.0
9.40348;0.153;0.0
9.25734;0.35000000000000003;0.004
11.03503;0.485;0.002
12.97772;0.583;0.001
12.74833;0.637;0.002
13.63181;0.648;0.004
15.58264;0.615;0.006
12.6511;0.536;0.009000000000000001
14.44692;0.423;0.01
14.0315;0.262;0.008
17.002129999999998;0.094;0.005
22.51552;0.0;0.005
32.50622;0.0;0.005
38.49981;0.0;0.001
28.67426;0.0;0.0
13.307570000000002;0.0;0.0
7.424289999999999;0.0;0.0
3.41488;0.0;0.002
3.05053;0.0;0.005
3.42308;0.0;0.006
2.9868200000000003;0.0;0.006
2.7816400000000003;0.0;0.005
5.9474800000000005;0.0;0.004
8.63386;0.005;0.004
9.76167;0.109;0.003
10.03914;0.28300000000000003;0.013
11.30185;0.456;0.079
14.31431;0.555;0.139
17.16773;0.611;0.17400000000000002
15.8746;0.624;0.185
17.81149;0.578;0.173
14.69106;0.489;0.141
17.12195;0.35600000000000004;0.103
16.52375;0.209;0.068
18.60444;0.06;0.036000000000000004
29.94803;0.0;0.013
35.4778;0.0;0.005
40.62236;0.0;0.001
31.17317;0.0;0.0
16.884079999999994;0.0;0.0
8.76902;0.0;0.003
4.5133199999999984;0.0;0.011000000000000001
3.08003;0.0;0.018000000000000002
2.93782;0.0;0.02
3.12292;0.0;0.016
2.77348;0.0;0.01
6.8193;0.0;0.005
9.08525;0.006;0.001
10.95655;0.129;0.0
10.08027;0.32;0.01
11.01772;0.48100000000000004;0.031
13.4352;0.596;0.039
13.78441;0.63;0.045
15.99455;0.634;0.044000000000000004
11.59276;0.583;0.035
13.79198;0.478;0.026
16.14193;0.359;0.017
15.30205;0.20199999999999999;0.008
21.40998;0.064;0.002
26.63795;0.0;0.001
38.22315;0.0;0.001
48.86815;0.0;0.001
32.71873;0.0;0.001
17.12956;0.0;0.002
8.961319999999997;0.0;0.006999999999999999
3.7405;0.0;0.022000000000000002
2.77009;0.0;0.038
2.59978;0.0;0.047
2.17475;0.0;0.047
2.6221;0.0;0.037000000000000005
4.9313;0.0;0.027000000000000003
7.19901;0.008;0.019
10.75253;0.172;0.009000000000000001
8.23509;0.38799999999999996;0.001
8.553560000000001;0.556;0.015
12.07843;0.6709999999999999;0.042
11.88326;0.7340000000000001;0.067
12.53899;0.747;0.08700000000000001
13.5237;0.716;0.094
12.28009;0.628;0.094
13.921029999999998;0.472;0.091
12.10854;0.27699999999999997;0.077
16.72891;0.1;0.051
24.78589;0.0;0.036000000000000004
34.38949;0.0;0.021
38.82167000000001;0.0;0.005
20.42808;0.0;0.001
14.81564;0.0;0.002
8.64803;0.0;0.011000000000000001
3.06166;0.0;0.026
2.0141;0.0;0.04
2.62566;0.0;0.053
2.39157;0.0;0.057999999999999996
1.95908;0.0;0.054000000000000006
4.61412;0.0;0.042
6.60036;0.006999999999999999;0.03
10.3799;0.152;0.017
7.828889999999999;0.34900000000000003;0.004
8.3484;0.489;0.001
12.45238;0.608;0.0
11.80405;0.6559999999999999;0.006
12.41666;0.65;0.01
14.61144;0.589;0.012
10.89986;0.495;0.01
14.001179999999998;0.375;0.006999999999999999
12.67941;0.22699999999999998;0.004
14.5938;0.07400000000000001;0.001
22.36493;0.0;0.001
27.52731;0.0;0.002
29.23686;0.0;0.004
20.4551;0.0;0.009000000000000001
16.29518;0.0;0.023
6.79925;0.0;0.042
2.87969;0.0;0.076
3.11193;0.0;0.115
3.17748;0.0;0.104
2.4579;0.0;0.052000000000000005
2.82628;0.0;0.021
6.31928;0.0;0.004
10.15296;0.002;0.0
12.47187;0.07400000000000001;0.0
9.00705;0.154;0.0
11.28711;0.14200000000000002;0.001
13.36977;0.155;0.002
15.03567;0.173;0.003
12.33604;0.183;0.005
13.89378;0.191;0.008
14.0919;0.166;0.013999999999999999
14.18082;0.122;0.028999999999999998
16.636329999999994;0.076;0.047
15.17746;0.017;0.031
26.36007;0.0;0.009000000000000001
41.03346;0.0;0.001
33.659420000000004;0.0;0.0
28.46801;0.0;0.0
12.74028;0.0;0.0
8.81935;0.0;0.0
3.45856;0.0;0.0
2.49663;0.0;0.001
2.49725;0.0;0.002
2.45583;0.0;0.001
2.40623;0.0;0.0
6.2301;0.0;0.0
8.84892;0.005;0.0
12.07166;0.13699999999999998;0.0
8.53914;0.325;0.009000000000000001
10.64336;0.488;0.019
11.43627;0.604;0.026
14.055129999999998;0.644;0.027999999999999997
14.73781;0.636;0.025
15.261829999999998;0.5820000000000001;0.02
13.68151;0.48100000000000004;0.016
12.40621;0.342;0.013999999999999999
14.42168;0.19399999999999998;0.012
18.49654;0.055;0.008
30.73084;0.0;0.004
36.9295;0.0;0.002
44.49676;0.0;0.0
28.97917;0.0;0.0
17.33835;0.0;0.0
10.38922;0.0;0.0
3.26;0.0;0.002
2.52167;0.0;0.01
2.28721;0.0;0.021
2.7602;0.0;0.024
2.46041;0.0;0.016
5.79367;0.0;0.003
8.57959;0.002;0.0
10.48971;0.07100000000000001;0.0
9.86727;0.192;0.003
10.60959;0.337;0.006
12.46839;0.476;0.013
15.117029999999998;0.544;0.036000000000000004
13.20727;0.524;0.061
15.57439;0.47;0.07
11.83313;0.384;0.057999999999999996
16.3775;0.29100000000000004;0.038
12.64697;0.155;0.015
18.65148;0.043;0.003
24.36838;0.0;0.001
30.70271;0.0;0.001
35.62948;0.0;0.001
27.87523;0.0;0.003
17.612379999999995;0.0;0.006999999999999999
7.13219;0.0;0.011000000000000001
3.69941;0.0;0.013999999999999999
3.04639;0.0;0.015
2.79591;0.0;0.013
2.51586;0.0;0.009000000000000001
2.72861;0.0;0.005
6.26222;0.0;0.002
8.15442;0.002;0.002
10.01647;0.081;0.002
10.07968;0.223;0.006
11.0931;0.374;0.008
13.02884;0.496;0.005
14.03759;0.5579999999999999;0.005
16.109289999999998;0.5700000000000001;0.009000000000000001
14.14616;0.537;0.016
14.08331;0.45299999999999996;0.023
19.54955;0.34299999999999997;0.023
16.00394;0.201;0.023
20.54183;0.065;0.026
27.51166;0.0;0.035
36.42264;0.0;0.040999999999999995
45.06001;0.0;0.039
36.74326;0.0;0.042
17.383129999999998;0.0;0.047
6.67369;0.0;0.051
3.69149;0.0;0.055999999999999994
2.81453;0.0;0.06
2.54159;0.0;0.064
2.6418;0.0;0.065
2.53878;0.0;0.06
5.70027;0.0;0.052000000000000005
8.15996;0.004;0.044000000000000004
10.20282;0.118;0.03
10.04028;0.31;0.018000000000000002
10.16933;0.476;0.008
12.87562;0.579;0.001
13.97318;0.638;0.0
10.70996;0.654;0.0
13.54783;0.604;0.0
13.21093;0.51;0.006999999999999999
13.11609;0.33899999999999997;0.019
16.24296;0.153;0.040999999999999995
13.96299;0.042;0.078
27.66685;0.0;0.106
28.22929;0.0;0.106
34.05727;0.0;0.085
23.37849;0.0;0.059
13.47834;0.0;0.032
9.13421;0.0;0.018000000000000002
3.62398;0.0;0.016
2.9819400000000003;0.0;0.016
2.75738;0.0;0.016
2.94727;0.0;0.02
2.82709;0.0;0.021
6.599760000000002;0.0;0.021
8.535630000000001;0.002;0.02
10.6718;0.091;0.013999999999999999
9.3865;0.245;0.002
9.64791;0.38;0.002
14.2182;0.48100000000000004;0.002
12.6705;0.561;0.006
12.44757;0.586;0.015
13.09232;0.547;0.022000000000000002
11.91371;0.465;0.022000000000000002
13.00782;0.336;0.019
14.78765;0.184;0.013
19.07288;0.054000000000000006;0.011000000000000001
26.53661;0.0;0.013999999999999999
31.81492;0.0;0.015
42.7516;0.0;0.009000000000000001
30.9727;0.0;0.006999999999999999
13.6906;0.0;0.006999999999999999
7.924989999999998;0.0;0.009000000000000001
4.08934;0.0;0.012
2.20656;0.0;0.015
2.87212;0.0;0.015
2.63551;0.0;0.013
2.99305;0.0;0.009000000000000001
5.35193;0.0;0.005
8.807730000000003;0.001;0.002
11.16886;0.064;0.0
10.22149;0.18100000000000002;0.0
10.50614;0.342;0.001
9.61829;0.531;0.008
16.47639;0.594;0.019
15.42602;0.593;0.027000000000000003
14.25345;0.49700000000000005;0.03
11.52293;0.425;0.027999999999999997
14.08385;0.273;0.023
13.13641;0.156;0.013999999999999999
18.18336;0.046;0.008
24.23318;0.0;0.006
32.17709;0.0;0.004
38.65189;0.0;0.001
28.66261;0.0;0.0
14.97975;0.0;0.001
8.36345;0.0;0.002
3.19991;0.0;0.003
2.69397;0.0;0.003
3.06172;0.0;0.003
2.84573;0.0;0.002
3.12055;0.0;0.002
6.768789999999999;0.0;0.002
7.6440100000000015;0.001;0.003
9.77319;0.078;0.003
7.9229;0.21100000000000002;0.001
10.36998;0.34700000000000003;0.0
13.55412;0.419;0.011000000000000001
14.32219;0.49;0.044000000000000004
12.85238;0.509;0.07100000000000001
13.22436;0.489;0.091
14.50219;0.42200000000000004;0.109
12.83218;0.321;0.11699999999999999
14.948579999999998;0.2;0.114
14.68377;0.07;0.092
29.53565;0.0;0.065
33.58757;0.0;0.08199999999999999
40.93767;0.0;0.11
26.80076;0.0;0.11199999999999999
12.61549;0.0;0.075
9.80766;0.0;0.040999999999999995
3.81968;0.0;0.031
2.75831;0.0;0.027999999999999997
2.40386;0.0;0.025
1.93639;0.0;0.021
2.2212400000000003;0.0;0.025
4.74084;0.0;0.031
7.01703;0.003;0.027999999999999997
6.92548;0.08800000000000001;0.025
7.487589999999999;0.214;0.044000000000000004
9.23792;0.314;0.091
11.21944;0.42;0.12
10.91311;0.478;0.12300000000000001
10.4336;0.502;0.109
11.03143;0.439;0.092
10.83609;0.342;0.078
10.61367;0.23199999999999998;0.065
13.05473;0.12300000000000001;0.051
11.13163;0.034;0.027999999999999997
20.58287;0.0;0.013
27.19254;0.0;0.013999999999999999
35.05894;0.0;0.021
27.58121;0.0;0.031
11.81862;0.0;0.035
6.69162;0.0;0.034
3.16359;0.0;0.028999999999999998
2.882;0.0;0.022000000000000002
3.53404;0.0;0.013
2.83244;0.0;0.006999999999999999
2.56653;0.0;0.002
6.17715;0.0;0.0
8.98146;0.005;0.0
12.25092;0.153;0.0
10.37429;0.34500000000000003;0.0
11.85066;0.501;0.001
12.38769;0.615;0.004
15.18052;0.67;0.015
15.9182;0.6900000000000001;0.027000000000000003
14.51485;0.6579999999999999;0.039
13.69196;0.5820000000000001;0.047
18.645;0.43799999999999994;0.048
17.065379999999998;0.257;0.040999999999999995
19.2489;0.08800000000000001;0.026
25.52015;0.0;0.021
37.37566;0.0;0.013999999999999999
39.48432;0.0;0.005
36.26596;0.0;0.001
17.196279999999998;0.0;0.001
9.22237;0.0;0.001
3.54966;0.0;0.003
2.25218;0.0;0.006
2.69239;0.0;0.009000000000000001
2.7796;0.0;0.011000000000000001
2.05152;0.0;0.01
4.80241;0.0;0.006999999999999999
5.90445;0.004;0.006
7.27875;0.14200000000000002;0.003
6.24653;0.365;0.0
9.08258;0.541;0.002
10.13342;0.6779999999999999;0.009000000000000001
14.52801;0.742;0.017
12.33659;0.757;0.022000000000000002
11.92927;0.723;0.024
12.01528;0.644;0.026
12.49814;0.515;0.026
13.31416;0.336;0.021
16.33644;0.122;0.013999999999999999
22.96786;0.0;0.02
33.58202;0.0;0.016
33.84523;0.0;0.006
25.99128;0.0;0.001
10.45555;0.0;0.0
7.22377;0.0;0.0
3.77314;0.0;0.001
2.38214;0.0;0.003
2.6394;0.0;0.005
2.42933;0.0;0.006
3.02819;0.0;0.004
5.37951;0.0;0.002
8.25489;0.005;0.001
12.06286;0.146;0.0
10.21343;0.35600000000000004;0.0
9.93814;0.528;0.0
12.79815;0.674;0.004
12.81864;0.731;0.015
12.4927;0.738;0.024
13.9631;0.6980000000000001;0.031
13.79942;0.611;0.039
12.403;0.477;0.046
14.62752;0.302;0.053
17.02863;0.106;0.063
18.47315;0.0;0.078
31.24012;0.0;0.06
36.42475;0.0;0.021
24.70721;0.0;0.002
13.89304;0.0;0.0
6.07455;0.0;0.0
3.4235800000000003;0.0;0.002
2.58009;0.0;0.006999999999999999
2.58529;0.0;0.016
2.85998;0.0;0.022000000000000002
2.84386;0.0;0.018000000000000002
6.26623;0.0;0.011000000000000001
7.28892;0.003;0.005
13.51461;0.092;0.001
7.91891;0.25;0.0
10.60549;0.41700000000000004;0.001
13.02663;0.561;0.004
13.53067;0.6729999999999999;0.009000000000000001
17.46527;0.718;0.013
17.36071;0.6960000000000001;0.013
15.15245;0.618;0.011000000000000001
14.786170000000002;0.488;0.01
15.0819;0.306;0.009000000000000001
18.21476;0.098;0.011000000000000001
21.36768;0.0;0.02
39.87362;0.0;0.023
34.013870000000004;0.0;0.021
31.62351;0.0;0.024
15.66709;0.0;0.034
7.256839999999999;0.0;0.045
3.28166;0.0;0.057999999999999996
2.93766;0.0;0.067
2.53389;0.0;0.064
2.72844;0.0;0.046
2.15091;0.0;0.022000000000000002
5.68742;0.0;0.009000000000000001
7.66829;0.004;0.005
10.55629;0.138;0.001
8.765089999999999;0.336;0.0
11.07495;0.504;0.006
11.55231;0.63;0.013
13.44606;0.68;0.018000000000000002
14.376;0.669;0.026
13.23964;0.588;0.031
10.50104;0.45399999999999996;0.031
17.43517;0.266;0.035
15.1801;0.125;0.048
15.44579;0.027999999999999997;0.062
20.41771;0.0;0.052000000000000005
29.94715;0.0;0.027999999999999997
29.12025;0.0;0.013
20.51341;0.0;0.012
13.385129999999998;0.0;0.013999999999999999
7.8269;0.0;0.022000000000000002
3.82569;0.0;0.031
3.02802;0.0;0.024
2.6329700000000003;0.0;0.011000000000000001
2.77224;0.0;0.005
2.96811;0.0;0.003
6.26609;0.0;0.002
10.46048;0.004;0.001
12.33873;0.132;0.0
11.1436;0.316;0.002
13.41995;0.457;0.015
12.58677;0.5690000000000001;0.038
16.5687;0.62;0.07100000000000001
16.951539999999998;0.624;0.091
18.96625;0.5660000000000001;0.091
13.2483;0.48200000000000004;0.078
18.97641;0.341;0.061
15.8;0.206;0.048
21.12961;0.065;0.033
27.33385;0.0;0.027000000000000003
38.01673;0.0;0.019
47.39576;0.0;0.006
35.94625999999999;0.0;0.001
17.31624;0.0;0.0
9.01156;0.0;0.0
3.87004;0.0;0.0
2.66241;0.0;0.001
2.90122;0.0;0.001
2.97896;0.0;0.001
3.05634;0.0;0.001
6.955139999999999;0.0;0.001
8.74429;0.005;0.002
11.88763;0.151;0.002
9.07753;0.36;0.027000000000000003
11.78163;0.531;0.07200000000000001
14.543070000000002;0.632;0.09699999999999999
13.09678;0.6950000000000001;0.11199999999999999
14.709229999999998;0.706;0.12
15.35206;0.6679999999999999;0.125
14.98472;0.579;0.127
15.55915;0.447;0.129
15.71581;0.271;0.10800000000000001
17.56084;0.08600000000000001;0.061
28.37996;0.0;0.038
34.18401;0.0;0.021
49.88487;0.0;0.004
33.40303;0.0;0.0
16.29374;0.0;0.0
9.64562;0.0;0.0
3.4399800000000003;0.0;0.0
2.74644;0.0;0.0
2.58731;0.0;0.0
2.73928;0.0;0.0
2.92447;0.0;0.0
5.28941;0.0;0.0
7.402260000000001;0.004;0.0
8.050980000000001;0.135;0.0
10.43867;0.32899999999999996;0.002
9.57697;0.48;0.006
10.83858;0.5750000000000001;0.013
11.85709;0.633;0.024
14.13045;0.636;0.03
12.74085;0.598;0.031
11.23024;0.512;0.032
11.64303;0.377;0.034
12.53382;0.207;0.034
15.923370000000002;0.064;0.032
21.71698;0.0;0.04
30.551340000000003;0.0;0.042
45.00763;0.0;0.036000000000000004
23.74514;0.0;0.038
15.96865;0.0;0.051
6.624230000000002;0.0;0.057999999999999996
3.3029300000000004;0.0;0.055
2.57115;0.0;0.045
2.5183;0.0;0.032
2.75621;0.0;0.024
2.3656;0.0;0.012
6.091069999999998;0.0;0.001
7.70787;0.001;0.0
10.53171;0.055999999999999994;0.0
8.06452;0.17;0.004
9.86849;0.34400000000000003;0.004
10.84835;0.478;0.004
12.83285;0.506;0.006999999999999999
13.01823;0.5429999999999999;0.011000000000000001
12.85831;0.5750000000000001;0.021
12.07387;0.475;0.035
15.9793;0.31;0.042
13.40805;0.16399999999999998;0.033
15.05129;0.044000000000000004;0.022000000000000002
22.23813;0.0;0.017
36.88909;0.0;0.013
35.09534;0.0;0.006999999999999999
29.20552;0.0;0.004
14.443220000000002;0.0;0.003
9.2166;0.0;0.003
3.22983;0.0;0.003
2.95814;0.0;0.003
2.38078;0.0;0.002
2.67735;0.0;0.001
2.56863;0.0;0.0
6.35982;0.0;0.0
8.1481;0.0;0.0
11.26927;0.061;0.0
8.729510000000001;0.185;0.0
10.00724;0.307;0.0
10.7316;0.416;0.002
14.43586;0.45899999999999996;0.01
13.50672;0.472;0.022000000000000002
13.33048;0.45;0.036000000000000004
11.83695;0.377;0.045
13.598770000000002;0.28200000000000003;0.045
14.06104;0.162;0.037000000000000005
14.52944;0.048;0.024
27.631970000000006;0.0;0.017
33.43036;0.0;0.01
33.2219;0.0;0.002
32.1009;0.0;0.0
13.91711;0.0;0.0
8.06198;0.0;0.0
2.8437;0.0;0.001
2.75476;0.0;0.002
2.8366;0.0;0.002
2.76888;0.0;0.0
2.42433;0.0;0.0
7.076910000000002;0.0;0.0
7.81694;0.001;0.0
10.53858;0.08199999999999999;0.002
10.72902;0.242;0.008
11.16433;0.40399999999999997;0.006999999999999999
13.1909;0.529;0.005
14.48233;0.579;0.01
13.0955;0.5630000000000001;0.022000000000000002
17.52758;0.532;0.031
14.130770000000002;0.471;0.038
15.59321;0.364;0.039
13.87575;0.21600000000000003;0.037000000000000005
16.644460000000002;0.066;0.025
25.53866;0.0;0.013
35.98752;0.0;0.004
42.18682;0.0;0.001
26.37565;0.0;0.001
14.43427;0.0;0.006999999999999999
8.11791;0.0;0.017
3.5584800000000003;0.0;0.02
2.22003;0.0;0.021
2.84956;0.0;0.017
2.88239;0.0;0.013999999999999999
2.97533;0.0;0.015
6.06859;0.0;0.023
8.1935;0.004;0.040999999999999995
10.05085;0.149;0.049
8.2231;0.35600000000000004;0.043
10.71741;0.52;0.059
7.301889999999998;0.617;0.062
12.2017;0.664;0.061
11.16657;0.6729999999999999;0.061
13.85302;0.617;0.055999999999999994
11.77389;0.535;0.047
10.43155;0.397;0.038
13.66994;0.217;0.031
17.41477;0.054000000000000006;0.025
25.00993;0.0;0.034
24.63794;0.0;0.032
47.02096;0.0;0.016
26.38768;0.0;0.008
12.82162;0.0;0.006
7.05377;0.0;0.005
3.37622;0.0;0.008
2.56215;0.0;0.009000000000000001
2.91793;0.0;0.006999999999999999
2.39925;0.0;0.005
2.70635;0.0;0.005
7.058560000000001;0.0;0.008
7.397869999999998;0.002;0.016
12.1819;0.08;0.027000000000000003
9.00125;0.12300000000000001;0.027999999999999997
11.64605;0.2;0.047
7.803539999999999;0.28300000000000003;0.076
13.31842;0.397;0.083
13.52886;0.514;0.091
11.78142;0.469;0.092
10.90729;0.36700000000000005;0.078
15.43989;0.23399999999999999;0.06
14.70486;0.138;0.036000000000000004
17.60748;0.040999999999999995;0.02
19.80554;0.0;0.018000000000000002
36.72265;0.0;0.017
38.51489;0.0;0.013
25.72056;0.0;0.013999999999999999
17.7008;0.0;0.019
7.33166;0.0;0.022000000000000002
3.12282;0.0;0.026
3.07694;0.0;0.027000000000000003
2.64915;0.0;0.026
3.17498;0.0;0.027999999999999997
2.58888;0.0;0.028999999999999998
6.0655;0.0;0.023
8.65889;0.002;0.008
13.05678;0.098;0.001
10.62585;0.28400000000000003;0.005
10.94063;0.465;0.013
15.60134;0.593;0.016
17.74203;0.635;0.021
14.5617;0.636;0.027000000000000003
17.43854;0.58;0.03
13.79904;0.452;0.031
13.15472;0.302;0.033
15.7229;0.14300000000000002;0.040999999999999995
20.29129;0.038;0.051
26.303490000000004;0.0;0.055
40.86381;0.0;0.049
45.53636;0.0;0.038
28.533520000000006;0.0;0.028999999999999998
14.60806;0.0;0.021
9.21561;0.0;0.018000000000000002
4.3686;0.0;0.02
2.35414;0.0;0.02
1.7407400000000002;0.0;0.016
2.75609;0.0;0.011000000000000001
2.67808;0.0;0.008
4.65326;0.0;0.006
6.57441;0.001;0.005
11.0447;0.07;0.005
10.5192;0.19399999999999998;0.005
10.93368;0.32299999999999995;0.0
10.74307;0.42100000000000004;0.0
12.32761;0.483;0.0
14.69912;0.498;0.0
14.41775;0.472;0.002
14.770229999999998;0.391;0.006
13.65019;0.28500000000000003;0.012
14.99834;0.161;0.02
16.67129;0.047;0.032
22.75727;0.0;0.040999999999999995
33.472570000000005;0.0;0.028999999999999998
42.70424000000001;0.0;0.01
26.60557;0.0;0.001
14.457020000000002;0.0;0.0
8.82691;0.0;0.0
3.59816;0.0;0.001
3.22865;0.0;0.002
3.12339;0.0;0.004
3.18251;0.0;0.005
2.92769;0.0;0.004
7.32251;0.0;0.003
8.43188;0.003;0.001
13.78999;0.14400000000000002;0.0
11.04962;0.34700000000000003;0.006
11.69514;0.505;0.049
15.58172;0.626;0.08600000000000001
16.86898;0.6970000000000001;0.106
17.58387;0.711;0.105
18.41334;0.664;0.091
16.72644;0.5730000000000001;0.075
18.673820000000006;0.444;0.064
17.66895;0.268;0.055999999999999994
19.29312;0.08199999999999999;0.045
32.50077;0.0;0.04
41.92535;0.0;0.024
44.99626;0.0;0.004
35.39492;0.0;0.0
16.689339999999998;0.0;0.0
9.57746;0.0;0.002
3.50498;0.0;0.005
2.75216;0.0;0.008
2.92409;0.0;0.01
2.6699900000000003;0.0;0.015
3.05736;0.0;0.028999999999999998
7.2244899999999985;0.0;0.049
8.48845;0.004;0.052000000000000005
12.91721;0.156;0.028999999999999998
11.70365;0.361;0.047
10.98783;0.525;0.109
12.75906;0.628;0.15
14.14366;0.6679999999999999;0.16399999999999998
15.3612;0.6609999999999999;0.16
14.460729999999998;0.5920000000000001;0.145
13.26152;0.49;0.124
13.84004;0.36200000000000004;0.09699999999999999
15.51017;0.22699999999999998;0.075
15.251129999999998;0.07400000000000001;0.046
27.993640000000006;0.0;0.022000000000000002
34.898790000000005;0.0;0.011000000000000001
44.32275;0.0;0.004
30.32794;0.0;0.002
14.33116;0.0;0.0
6.891560000000001;0.0;0.0
3.4358699999999995;0.0;0.0
3.10489;0.0;0.0
2.21853;0.0;0.0
2.81659;0.0;0.0
2.4782900000000003;0.0;0.0
5.48252;0.0;0.0
9.85555;0.001;0.0
9.8757;0.07;0.0
10.14862;0.207;0.002
10.33735;0.33899999999999997;0.009000000000000001
13.96488;0.45899999999999996;0.015
13.43356;0.519;0.018000000000000002
16.15793;0.51;0.019
13.58204;0.428;0.022000000000000002
12.94892;0.33;0.024
13.96874;0.228;0.027999999999999997
11.8951;0.126;0.037000000000000005
16.75902;0.038;0.052000000000000005
26.58342;0.0;0.069
31.85428;0.0;0.076
38.20117;0.0;0.07
31.6267;0.0;0.07400000000000001
16.486710000000002;0.0;0.08800000000000001
8.229610000000001;0.0;0.102
3.20471;0.0;0.104
2.15342;0.0;0.098
2.55116;0.0;0.08600000000000001
2.2978400000000003;0.0;0.07200000000000001
2.07818;0.0;0.055999999999999994
5.75336;0.0;0.044000000000000004
6.41296;0.0;0.035
10.83188;0.067;0.024
8.24075;0.198;0.008
8.42435;0.332;0.002
10.59676;0.442;0.002
13.134479999999998;0.489;0.0
11.04644;0.498;0.0
11.81668;0.466;0.0
10.11956;0.40399999999999997;0.0
12.90413;0.309;0.003
12.7726;0.182;0.011000000000000001
14.45527;0.053;0.040999999999999995
26.25016;0.0;0.078
24.97988;0.0;0.07200000000000001
33.33579;0.0;0.039
25.2868;0.0;0.015
12.16782;0.0;0.005
7.51325;0.0;0.003
2.74581;0.0;0.006999999999999999
2.5294;0.0;0.013999999999999999
2.36268;0.0;0.019
2.44804;0.0;0.017
2.92362;0.0;0.012
4.44912;0.0;0.005
7.1837800000000005;0.003;0.001
11.65407;0.127;0.0
10.48154;0.317;0.0
9.80501;0.479;0.002
10.7637;0.589;0.006
12.64519;0.65;0.017
13.47876;0.6579999999999999;0.031
14.9233;0.617;0.038
10.65609;0.531;0.038
13.876920000000002;0.391;0.034
13.366370000000002;0.21100000000000002;0.028999999999999998
21.63687;0.055;0.022000000000000002
25.63731;0.0;0.031
32.7744;0.0;0.034
42.17801;0.0;0.022000000000000002
28.70208;0.0;0.008
15.34316;0.0;0.002
8.52426;0.0;0.001
2.64176;0.0;0.003
2.77573;0.0;0.01
2.81228;0.0;0.016
2.48082;0.0;0.015
2.90143;0.0;0.01
5.02776;0.0;0.005
7.60101;0.003;0.003
10.33387;0.13699999999999998;0.001
7.5519;0.34;0.001
9.82838;0.503;0.015
13.0162;0.619;0.035
14.40796;0.682;0.057
14.52568;0.6970000000000001;0.07
14.15446;0.6659999999999999;0.07100000000000001
9.54157;0.591;0.064
15.06784;0.471;0.053
12.75264;0.302;0.047
15.35326;0.102;0.038
25.46167;0.0;0.042
33.05002;0.0;0.027000000000000003
38.16334000000001;0.0;0.006999999999999999
35.62734000000001;0.0;0.0
16.67212;0.0;0.0
7.1905600000000005;0.0;0.0
3.00894;0.0;0.006
2.90035;0.0;0.02
3.06874;0.0;0.035
2.93604;0.0;0.048
2.48643;0.0;0.051
6.1628300000000005;0.0;0.045
8.738660000000001;0.003;0.039
10.44134;0.155;0.027000000000000003
11.19304;0.363;0.019
12.55539;0.526;0.061
12.98182;0.637;0.09
15.773270000000002;0.6980000000000001;0.10800000000000001
15.69226;0.7120000000000001;0.12
14.93218;0.677;0.12300000000000001
12.37998;0.599;0.118
12.54339;0.472;0.104
14.40641;0.295;0.084
17.64712;0.094;0.051
31.09376;0.0;0.036000000000000004
31.01107;0.0;0.017
38.49572;0.0;0.002
28.77756;0.0;0.0
17.16753;0.0;0.0
7.809819999999998;0.0;0.001
4.27564;0.0;0.013
2.61901;0.0;0.036000000000000004
3.01284;0.0;0.057999999999999996
2.70687;0.0;0.068
2.88111;0.0;0.069
6.38103;0.0;0.069
10.6021;0.003;0.07100000000000001
12.79329;0.136;0.064
11.22474;0.33899999999999997;0.044000000000000004
11.16847;0.502;0.068
12.81662;0.611;0.103
13.58757;0.669;0.133
15.33036;0.682;0.15
17.922710000000006;0.653;0.156
13.84368;0.5730000000000001;0.156
15.88021;0.44299999999999995;0.152
15.80277;0.257;0.13
16.42247;0.065;0.094
27.29311;0.0;0.08600000000000001
31.7035;0.0;0.065
44.61206;0.0;0.040999999999999995
30.60329;0.0;0.039
16.76732;0.0;0.047
8.01759;0.0;0.057999999999999996
3.48211;0.0;0.067
2.38299;0.0;0.07100000000000001
3.10296;0.0;0.068
3.08069;0.0;0.064
2.77149;0.0;0.057999999999999996
5.613169999999998;0.0;0.05
7.442539999999998;0.001;0.042
10.76149;0.08700000000000001;0.031
8.1047;0.22899999999999998;0.011000000000000001
9.09834;0.341;0.004
11.60728;0.43;0.001
13.72964;0.47;0.0
13.56735;0.46799999999999997;0.002
13.23052;0.435;0.01
11.85248;0.353;0.021
14.55337;0.245;0.031
14.43404;0.132;0.036000000000000004
17.872020000000006;0.037000000000000005;0.045
25.83733;0.0;0.055
31.96613;0.0;0.048
37.77768;0.0;0.034
32.477909999999994;0.0;0.028999999999999998
15.75741;0.0;0.032
7.721030000000002;0.0;0.038
3.4943800000000005;0.0;0.040999999999999995
2.97499;0.0;0.04
2.47412;0.0;0.03
2.69517;0.0;0.02
2.94702;0.0;0.013999999999999999
6.30985;0.0;0.011000000000000001
9.51009;0.001;0.008
11.29522;0.078;0.005
9.64362;0.21899999999999997;0.002
11.2171;0.363;0.006
11.14706;0.46299999999999997;0.024
15.68592;0.5489999999999999;0.046
16.24615;0.603;0.065
15.68214;0.5820000000000001;0.085
14.68806;0.507;0.103
14.14829;0.387;0.115
12.33912;0.236;0.11599999999999999
17.666120000000006;0.073;0.104
28.12496;0.0;0.103
35.4043;0.0;0.078
40.01602000000001;0.0;0.040999999999999995
26.58556;0.0;0.02
13.77777;0.0;0.013
8.51864;0.0;0.013999999999999999
3.69719;0.0;0.019
2.46984;0.0;0.026
2.33775;0.0;0.028999999999999998
2.45448;0.0;0.031
2.3667;0.0;0.031
6.44672;0.0;0.03
8.300939999999999;0.002;0.027999999999999997
10.64839;0.133;0.021
9.5607;0.32;0.003
10.37713;0.46399999999999997;0.0
13.01747;0.591;0.003
13.31969;0.664;0.018000000000000002
14.9066;0.6809999999999999;0.033
13.802179999999998;0.6509999999999999;0.040999999999999995
14.98976;0.5760000000000001;0.044000000000000004
15.46478;0.451;0.044000000000000004
12.94627;0.28;0.047
15.62174;0.084;0.051
24.76287;0.0;0.078
34.54731;0.0;0.07100000000000001
33.194590000000005;0.0;0.038
29.77145;0.0;0.013999999999999999
13.60706;0.0;0.008
10.03583;0.0;0.013
3.08964;0.0;0.027999999999999997
2.75023;0.0;0.044000000000000004
3.3528300000000004;0.0;0.055
3.07868;0.0;0.057
2.98294;0.0;0.049
7.356210000000001;0.0;0.038
8.873560000000003;0.001;0.03
12.69748;0.1;0.022000000000000002
9.7496;0.28700000000000003;0.009000000000000001
10.07672;0.456;0.001
15.58785;0.5680000000000001;0.0
13.9746;0.623;0.0
16.96797;0.636;0.003
16.00421;0.603;0.006999999999999999
13.44989;0.526;0.011000000000000001
16.0796;0.402;0.013
15.19174;0.24;0.015
19.38228;0.069;0.019
29.9557;0.0;0.034
38.23645;0.0;0.027000000000000003
42.61966;0.0;0.011000000000000001
35.33615;0.0;0.002
15.21215;0.0;0.0
9.30464;0.0;0.001
3.94177;0.0;0.004
2.78786;0.0;0.009000000000000001
3.22372;0.0;0.017
2.9822;0.0;0.027000000000000003
2.74348;0.0;0.019
5.97168;0.0;0.006999999999999999
8.07974;0.002;0.006
9.83981;0.105;0.008
10.22259;0.259;0.001
8.44388;0.39299999999999996;0.002
12.11782;0.502;0.01
15.42683;0.5479999999999999;0.024
11.61879;0.531;0.036000000000000004
14.61798;0.46799999999999997;0.037000000000000005
15.34855;0.379;0.033
16.37335;0.267;0.026
17.85564;0.14300000000000002;0.013
18.13603;0.038;0.006
26.32635;0.0;0.009000000000000001
37.55735;0.0;0.008
41.24824;0.0;0.004
29.35704;0.0;0.003
14.78974;0.0;0.006999999999999999
8.43785;0.0;0.017
4.10957;0.0;0.032
3.31742;0.0;0.045
2.7042;0.0;0.052000000000000005
3.1608;0.0;0.055999999999999994
2.98378;0.0;0.054000000000000006
7.31958;0.0;0.048
8.6174;0.002;0.047
10.3119;0.14300000000000002;0.034
11.4976;0.353;0.008
12.21394;0.519;0.023
15.12184;0.628;0.048
14.898220000000002;0.6880000000000001;0.067
16.20461;0.6980000000000001;0.07100000000000001
14.616420000000002;0.6659999999999999;0.064
14.09349;0.589;0.055999999999999994
15.403720000000002;0.462;0.053
15.79265;0.28400000000000003;0.057999999999999996
17.759079999999994;0.08700000000000001;0.062
32.23168;0.0;0.08800000000000001
41.59309;0.0;0.07100000000000001
52.15649000000001;0.0;0.027999999999999997
32.0708;0.0;0.001
15.71862;0.0;0.0
9.72766;0.0;0.004
3.46642;0.0;0.021
2.36196;0.0;0.042
2.65871;0.0;0.057999999999999996
2.5480400000000003;0.0;0.069
2.31632;0.0;0.073
3.99825;0.0;0.073
8.87547;0.001;0.077
11.52744;0.081;0.083
9.02357;0.205;0.081
11.13645;0.358;0.18600000000000003
9.87594;0.48100000000000004;0.28800000000000003
11.38287;0.5710000000000001;0.321
12.60199;0.626;0.316
10.93097;0.579;0.315
10.52671;0.424;0.312
11.69905;0.262;0.302
12.76399;0.13;0.264
15.36457;0.03;0.16399999999999998
23.52892;0.0;0.084
35.99323;0.0;0.051
37.50853;0.0;0.025
26.11238;0.0;0.006999999999999999
13.52136;0.0;0.0
6.9036;0.0;0.0
3.06219;0.0;0.0
2.42021;0.0;0.006
2.84115;0.0;0.019
3.16788;0.0;0.033
2.23048;0.0;0.034
5.7683300000000015;0.0;0.027000000000000003
7.57941;0.0;0.021
11.33725;0.026;0.019
8.02823;0.08700000000000001;0.013
10.30739;0.155;0.012
12.01545;0.27899999999999997;0.016
15.14116;0.34299999999999997;0.019
11.316;0.306;0.013999999999999999
20.05744;0.258;0.012
15.64997;0.19699999999999998;0.013
15.98624;0.146;0.013
15.0995;0.079;0.013
19.86795;0.018000000000000002;0.012
26.22103;0.0;0.018000000000000002
36.47431;0.0;0.009000000000000001
39.12532;0.0;0.001
29.0682;0.0;0.0
15.07625;0.0;0.0
8.31093;0.0;0.0
3.38699;0.0;0.0
2.3042;0.0;0.0
2.73794;0.0;0.001
2.80974;0.0;0.001
2.67445;0.0;0.0
5.58969;0.0;0.001
6.797960000000002;0.0;0.004
11.94545;0.081;0.008
10.99361;0.24100000000000002;0.011000000000000001
9.34579;0.39799999999999996;0.027999999999999997
11.40791;0.539;0.064
13.68067;0.62;0.105
16.5583;0.639;0.136
13.8804;0.613;0.157
12.34614;0.5379999999999999;0.172
13.0887;0.413;0.18
14.15809;0.245;0.17600000000000002
13.91938;0.069;0.14300000000000002
27.59732;0.0;0.152
31.163690000000006;0.0;0.104
37.46459;0.0;0.031
24.06934;0.0;0.001
15.75645;0.0;0.0
7.38749;0.0;0.001
3.76601;0.0;0.008
2.42537;0.0;0.019
2.9993;0.0;0.028999999999999998
2.90345;0.0;0.04
2.94551;0.0;0.054000000000000006
6.355169999999998;0.0;0.077
8.70795;0.002;0.111
11.41543;0.133;0.131
9.37118;0.34500000000000003;0.149
8.95218;0.517;0.225
11.75378;0.657;0.21600000000000003
13.929;0.7190000000000001;0.188
19.37295;0.732;0.156
14.34536;0.6990000000000001;0.13
14.18324;0.619;0.11
14.36024;0.49;0.099
13.16495;0.312;0.092
15.74477;0.102;0.079
21.04558;0.0;0.103
38.23138;0.0;0.083
47.37237;0.0;0.044000000000000004
32.15309;0.0;0.02
19.24348;0.0;0.021
8.11492;0.0;0.045
4.38087;0.0;0.085
2.51415;0.0;0.131
2.35689;0.0;0.165
3.29199;0.0;0.185
3.23838;0.0;0.203
5.76195;0.0;0.21899999999999997
8.41093;0.002;0.233
10.43397;0.159;0.21600000000000003
8.93639;0.377;0.149
11.17874;0.544;0.264
13.7024;0.667;0.2
17.30499;0.727;0.135
11.90559;0.7390000000000001;0.092
10.80329;0.705;0.07100000000000001
13.70203;0.626;0.059
12.24935;0.49700000000000005;0.055999999999999994
13.52497;0.319;0.055999999999999994
19.93996;0.107;0.06
22.95694;0.0;0.08600000000000001
39.63641;0.0;0.059
47.45396;0.0;0.019
28.01054;0.0;0.001
16.01176;0.0;0.0
8.013069999999999;0.0;0.008
3.54797;0.0;0.038
2.84741;0.0;0.076
2.46145;0.0;0.109
2.2939;0.0;0.14400000000000002
2.62073;0.0;0.182
5.2218300000000015;0.0;0.22699999999999998
7.90545;0.002;0.272
11.39062;0.16;0.27
9.57287;0.375;0.195
9.30979;0.54;0.251
12.53869;0.66;0.21899999999999997
10.19802;0.718;0.17800000000000002
14.28369;0.73;0.152
13.36651;0.6960000000000001;0.139
15.12226;0.615;0.131
11.9129;0.485;0.125
14.88132;0.306;0.12
16.69425;0.09699999999999999;0.1
23.43064;0.0;0.11699999999999999
29.637790000000006;0.0;0.1
40.41171;0.0;0.07100000000000001
28.124990000000004;0.0;0.047
13.3992;0.0;0.04
7.4658;0.0;0.045
3.57519;0.0;0.07100000000000001
2.67041;0.0;0.11699999999999999
2.47122;0.0;0.196
2.60666;0.0;0.292
2.37345;0.0;0.366
4.69462;0.0;0.40399999999999997
6.824610000000002;0.002;0.425
10.35824;0.14;0.39
10.77242;0.36;0.32799999999999996
9.96332;0.526;0.521
11.24712;0.638;0.5329999999999999
12.07462;0.6960000000000001;0.483
11.65141;0.705;0.429
13.90176;0.653;0.37
14.4219;0.5579999999999999;0.313
14.03657;0.413;0.267
14.82124;0.243;0.214
17.6145;0.073;0.138
22.81211;0.0;0.127
32.92487;0.0;0.109
27.94217;0.0;0.09300000000000001
23.34939;0.0;0.104
17.57514;0.0;0.158
6.771719999999998;0.0;0.25
3.16392;0.0;0.34700000000000003
2.77005;0.0;0.409
2.7325;0.0;0.436
3.11584;0.0;0.44799999999999995
2.44658;0.0;0.439
5.44474;0.0;0.436
8.62187;0.001;0.44299999999999995
10.4123;0.138;0.395
8.48961;0.34700000000000003;0.42700000000000005
8.85702;0.511;0.5479999999999999
13.80323;0.643;0.507
12.01409;0.7020000000000001;0.415
15.64946;0.715;0.331
11.46197;0.677;0.264
12.78356;0.597;0.21
12.99245;0.46799999999999997;0.171
13.65256;0.292;0.136
16.33051;0.08800000000000001;0.08800000000000001
27.48881;0.0;0.08700000000000001
32.31176;0.0;0.068
37.37643;0.0;0.044000000000000004
26.07522;0.0;0.047
15.01138;0.0;0.09300000000000001
7.68905;0.0;0.172
3.7773;0.0;0.251
2.51998;0.0;0.308
2.79125;0.0;0.353
2.7577700000000003;0.0;0.371
2.82272;0.0;0.35700000000000004
5.7886;0.0;0.319
7.075310000000001;0.001;0.28700000000000003
11.73047;0.12;0.243
9.31262;0.337;0.28800000000000003
10.41371;0.508;0.32299999999999995
11.83425;0.619;0.266
17.06108;0.6759999999999999;0.23199999999999998
13.89693;0.6880000000000001;0.21
13.9116;0.652;0.188
14.80979;0.5730000000000001;0.166
17.414460000000002;0.447;0.149
14.86643;0.261;0.133
19.88206;0.073;0.11
25.24811;0.0;0.128
36.30054000000001;0.0;0.103
36.92017;0.0;0.055999999999999994
28.938440000000003;0.0;0.019
13.7739;0.0;0.004
6.38494;0.0;0.009000000000000001
3.51965;0.0;0.045
3.33943;0.0;0.1
3.02038;0.0;0.153
2.90383;0.0;0.19899999999999998
3.27429;0.0;0.233
6.09068;0.0;0.254
8.14109;0.0;0.268
12.43843;0.069;0.24100000000000002
9.91062;0.223;0.145
11.11368;0.425;0.081
12.83242;0.603;0.031
14.96616;0.684;0.021
15.14866;0.7030000000000001;0.02
13.15833;0.6609999999999999;0.02
16.23941;0.579;0.019
15.92597;0.446;0.02
14.54321;0.266;0.027999999999999997
20.47505;0.073;0.057
26.39113;0.0;0.115
29.35422;0.0;0.105
41.98838;0.0;0.057999999999999996
30.89265;0.0;0.02
17.37206;0.0;0.005
8.13467;0.0;0.006999999999999999
3.81918;0.0;0.024
2.3763400000000003;0.0;0.051
2.65224;0.0;0.07100000000000001
2.45159;0.0;0.08199999999999999
2.46603;0.0;0.085
4.5286800000000005;0.0;0.08600000000000001
8.75557;0.001;0.08800000000000001
11.36862;0.14;0.078
8.975760000000003;0.35200000000000004;0.047
10.06799;0.522;0.043
11.30147;0.627;0.039
11.28502;0.6910000000000001;0.035
10.82491;0.7040000000000001;0.033
10.38085;0.669;0.032
12.60123;0.589;0.034
14.75373;0.46;0.038
13.93094;0.28200000000000003;0.043
14.04353;0.083;0.055
28.11653;0.0;0.092
30.25535;0.0;0.07100000000000001
31.07298;0.0;0.027000000000000003
30.01477;0.0;0.003
13.018;0.0;0.0
7.43812;0.0;0.001
3.42755;0.0;0.013999999999999999
2.1760200000000003;0.0;0.044000000000000004
2.31312;0.0;0.07
2.97896;0.0;0.08800000000000001
2.15737;0.0;0.102
5.66105;0.0;0.12
7.35774;0.001;0.145
10.97995;0.136;0.156
8.083969999999999;0.35000000000000003;0.106
10.21789;0.521;0.10099999999999999
11.53141;0.648;0.096
15.65626;0.711;0.102
15.02674;0.725;0.111
15.93936;0.6930000000000001;0.118
11.52997;0.614;0.121
14.19273;0.485;0.121
14.62105;0.307;0.119
16.3362;0.099;0.103
28.05747;0.0;0.135
26.9015;0.0;0.135
44.16344;0.0;0.115
29.36871;0.0;0.094
13.78389;0.0;0.07400000000000001
6.935410000000001;0.0;0.064
3.42945;0.0;0.055
2.78996;0.0;0.051
2.87949;0.0;0.067
2.26818;0.0;0.10099999999999999
2.5437;0.0;0.14200000000000002
6.2796699999999985;0.0;0.19
8.43668;0.002;0.24100000000000002
12.56864;0.16;0.242
9.4573;0.376;0.162
10.0186;0.541;0.19699999999999998
13.590370000000002;0.6579999999999999;0.19899999999999998
15.89547;0.718;0.203
14.57537;0.73;0.20199999999999999
15.20706;0.6970000000000001;0.2
12.61717;0.616;0.19699999999999998
14.78711;0.485;0.19899999999999998
12.91165;0.306;0.19399999999999998
17.85529;0.098;0.14400000000000002
26.43428;0.0;0.14300000000000002
36.87621;0.0;0.113
39.80749;0.0;0.07
32.87883;0.0;0.036000000000000004
14.74339;0.0;0.018000000000000002
8.30532;0.0;0.016
3.68091;0.0;0.023
1.76181;0.0;0.040999999999999995
2.37401;0.0;0.068
2.1565;0.0;0.099
2.45837;0.0;0.12
5.0936900000000005;0.0;0.131
7.071510000000001;0.002;0.13
9.08041;0.14800000000000002;0.113
8.87193;0.35700000000000004;0.085
9.57119;0.521;0.102
10.80935;0.635;0.08900000000000001
12.33655;0.6960000000000001;0.083
11.76373;0.71;0.077
12.07564;0.6759999999999999;0.064
11.2;0.597;0.05
14.429670000000002;0.46799999999999997;0.04
12.30394;0.29100000000000004;0.036000000000000004
18.58229;0.08900000000000001;0.035
21.80746;0.0;0.053
29.21872;0.0;0.042
38.56657;0.0;0.019
28.150640000000006;0.0;0.005
10.33321;0.0;0.002
8.18962;0.0;0.008
3.4378900000000003;0.0;0.031
2.819;0.0;0.07100000000000001
2.79549;0.0;0.119
3.18182;0.0;0.16399999999999998
3.28537;0.0;0.209
5.45784;0.0;0.254
8.98161;0.001;0.28700000000000003
11.10487;0.14300000000000002;0.261
9.60445;0.355;0.17
10.74452;0.518;0.262
13.831929999999998;0.63;0.245
13.90628;0.6900000000000001;0.201
14.18813;0.7020000000000001;0.16699999999999998
15.284670000000002;0.669;0.14200000000000002
12.72138;0.588;0.122
15.260270000000002;0.45799999999999996;0.113
12.75116;0.28;0.104
18.81859;0.083;0.08800000000000001
27.97558;0.0;0.105
36.22363;0.0;0.08800000000000001
37.42687;0.0;0.057
26.79841;0.0;0.03
16.22942;0.0;0.025
7.95218;0.0;0.037000000000000005
3.5988;0.0;0.062
2.69518;0.0;0.08
2.82393;0.0;0.069
2.31797;0.0;0.063
2.92844;0.0;0.068
6.55828;0.0;0.073
8.474039999999999;0.001;0.073
9.63457;0.138;0.06
9.85407;0.34600000000000003;0.045
9.50735;0.515;0.045
13.47965;0.629;0.036000000000000004
12.12058;0.6890000000000001;0.025
13.98013;0.7040000000000001;0.018000000000000002
15.36067;0.672;0.015
12.07125;0.594;0.015
13.88066;0.466;0.019
16.40557;0.28700000000000003;0.032
17.96771;0.081;0.064
24.74262;0.0;0.119
38.76323;0.0;0.094
42.43151;0.0;0.04
29.78789;0.0;0.005
15.26079;0.0;0.0
8.5359;0.0;0.009000000000000001
3.92488;0.0;0.057999999999999996
2.513;0.0;0.119
2.79416;0.0;0.161
2.53645;0.0;0.19
3.18799;0.0;0.22699999999999998
6.1654;0.0;0.26
7.16585;0.001;0.276
14.1394;0.102;0.239
11.27043;0.289;0.156
12.63284;0.478;0.14800000000000002
10.64874;0.629;0.08600000000000001
14.71863;0.7040000000000001;0.049
14.1268;0.725;0.036000000000000004
15.87107;0.6960000000000001;0.031
13.2377;0.619;0.032
16.82862;0.491;0.038
14.58209;0.313;0.051
15.37116;0.105;0.075
26.56237;0.0;0.121
42.86134000000001;0.0;0.092
38.28884;0.0;0.033
32.26806;0.0;0.002
14.49971;0.0;0.0
7.82339;0.0;0.001
3.62741;0.0;0.01
3.3246300000000004;0.0;0.034
3.1222;0.0;0.054000000000000006
3.5162;0.0;0.064
3.26265;0.0;0.07400000000000001
7.21092;0.0;0.079
10.29892;0.002;0.079
14.05775;0.16399999999999998;0.069
10.7235;0.381;0.040999999999999995
12.23805;0.544;0.091
13.60663;0.654;0.139
13.75834;0.7070000000000001;0.18100000000000002
17.58495;0.7120000000000001;0.203
16.8744;0.677;0.201
15.25804;0.599;0.182
19.14643;0.474;0.162
20.35481;0.302;0.146
22.70173;0.099;0.106
28.06203;0.0;0.103
36.32571;0.0;0.081
51.59762;0.0;0.059
36.944;0.0;0.05
18.88096;0.0;0.042
9.9267;0.0;0.044000000000000004
3.99087;0.0;0.057
1.64379;0.0;0.09300000000000001
2.73074;0.0;0.14200000000000002
2.8807;0.0;0.187
2.32094;0.0;0.22699999999999998
5.55436;0.0;0.258
9.11835;0.001;0.276
11.18922;0.146;0.247
9.17491;0.35700000000000004;0.156
11.01569;0.521;0.28400000000000003
10.3254;0.636;0.322
12.46363;0.6930000000000001;0.33399999999999996
14.52658;0.7020000000000001;0.33
13.6398;0.662;0.31
12.16102;0.5770000000000001;0.28400000000000003
13.05157;0.442;0.255
12.34466;0.261;0.214
14.217479999999998;0.073;0.13
25.10524;0.0;0.10099999999999999
36.99975;0.0;0.069
41.14466;0.0;0.046
30.20102;0.0;0.045
13.75363;0.0;0.07
9.93618;0.0;0.12300000000000001
3.71906;0.0;0.196
3.03076;0.0;0.264
2.57974;0.0;0.31
2.5129200000000003;0.0;0.336
3.03476;0.0;0.35100000000000003
6.50139;0.0;0.364
8.88908;0.001;0.375
13.51801;0.15;0.33
10.49341;0.364;0.271
11.24783;0.529;0.44799999999999995
13.54354;0.642;0.47
15.24393;0.7000000000000001;0.418
16.85512;0.71;0.354
14.75899;0.6779999999999999;0.302
14.81357;0.598;0.264
15.66044;0.47;0.233
16.61494;0.292;0.207
17.51577;0.08800000000000001;0.14200000000000002
29.80966;0.0;0.129
36.01506;0.0;0.102
38.51653;0.0;0.079
33.36696;0.0;0.07400000000000001
17.22338;0.0;0.102
8.50494;0.0;0.17500000000000002
4.28824;0.0;0.27
3.27011;0.0;0.336
3.04376;0.0;0.36200000000000004
3.29138;0.0;0.363
3.23493;0.0;0.38299999999999995
8.09503;0.0;0.408
9.30948;0.001;0.42100000000000004
11.92616;0.146;0.364
10.80588;0.36200000000000004;0.281
12.30996;0.528;0.336
14.45111;0.644;0.278
18.46704;0.7070000000000001;0.228
16.51022;0.721;0.203
18.54449;0.6900000000000001;0.185
14.98715;0.612;0.162
18.33196;0.484;0.14
16.87908;0.307;0.118
18.24061;0.098;0.08600000000000001
32.016659999999995;0.0;0.096
41.60199;0.0;0.066
40.89369;0.0;0.023
33.70293;0.0;0.001
17.90694;0.0;0.0
10.29616;0.0;0.009000000000000001
4.37165;0.0;0.05
2.55064;0.0;0.102
2.92218;0.0;0.14
2.97014;0.0;0.16699999999999998
2.41575;0.0;0.183
5.37567;0.0;0.188
8.38877;0.001;0.19
10.98089;0.153;0.166
7.458369999999999;0.368;0.106
9.54208;0.5329999999999999;0.07100000000000001
12.10639;0.647;0.040999999999999995
14.13788;0.7070000000000001;0.036000000000000004
13.73389;0.72;0.040999999999999995
16.13764;0.687;0.05
13.29006;0.609;0.057999999999999996
16.47304;0.48100000000000004;0.066
11.83984;0.304;0.077
18.90576;0.096;0.08
24.49093;0.0;0.121
28.151090000000003;0.0;0.10800000000000001
32.1621;0.0;0.059
24.49209;0.0;0.013999999999999999
13.80941;0.0;0.0
7.96157;0.0;0.0
3.27622;0.0;0.0
2.2622;0.0;0.006
3.04391;0.0;0.016
2.67386;0.0;0.024
2.05567;0.0;0.03
4.84906;0.0;0.035
8.70452;0.001;0.04
10.30855;0.154;0.035
8.977160000000003;0.365;0.013
9.1382;0.529;0.008
10.17103;0.639;0.015
11.90988;0.7010000000000001;0.024
14.79474;0.7140000000000001;0.028999999999999998
13.04999;0.682;0.032
12.03226;0.603;0.032
15.20231;0.475;0.034
13.77408;0.29600000000000004;0.036000000000000004
12.91329;0.09;0.04
21.92698;0.0;0.07
30.04085;0.0;0.064
38.68934;0.0;0.034
24.7481;0.0;0.005
13.50678;0.0;0.0
7.39262;0.0;0.0
3.28427;0.0;0.009000000000000001
2.7585;0.0;0.027999999999999997
2.67428;0.0;0.039
2.54184;0.0;0.038
3.25143;0.0;0.027000000000000003
7.0468;0.0;0.013999999999999999
8.922239999999997;0.001;0.006
12.10488;0.14300000000000002;0.002
10.59032;0.354;0.0
11.92369;0.519;0.0
14.04177;0.633;0.0
16.16584;0.6930000000000001;0.0
16.20412;0.7070000000000001;0.0
17.68865;0.675;0.0
13.90835;0.596;0.006999999999999999
15.81299;0.469;0.021
16.45275;0.292;0.035
20.47713;0.08800000000000001;0.057999999999999996
28.04245;0.0;0.095
42.82785;0.0;0.07400000000000001
42.327;0.0;0.028999999999999998
29.29907;0.0;0.002
20.21212;0.0;0.0
9.91893;0.0;0.003
3.57579;0.0;0.018000000000000002
2.9051;0.0;0.031
2.82081;0.0;0.034
2.48915;0.0;0.027000000000000003
2.9557900000000004;0.0;0.013999999999999999
6.99397;0.0;0.005
9.54653;0.001;0.001
11.88545;0.125;0.001
8.50642;0.326;0.001
9.81548;0.46799999999999997;0.001
9.98177;0.5690000000000001;0.0
13.52935;0.634;0.0
13.69114;0.655;0.017
15.48694;0.621;0.032
13.69354;0.532;0.044000000000000004
13.93031;0.36700000000000005;0.055
15.14625;0.177;0.062
18.33314;0.04;0.064
29.57918;0.0;0.081
34.48035;0.0;0.069
43.61142;0.0;0.032
26.93129;0.0;0.005
16.23331;0.0;0.0
7.0379999999999985;0.0;0.0
3.87912;0.0;0.002
3.2366200000000003;0.0;0.013
2.72625;0.0;0.035
3.11716;0.0;0.063
2.85785;0.0;0.113
7.5435;0.0;0.205
11.22418;0.0;0.302
11.4726;0.085;0.411
9.8331;0.26;0.466
13.1129;0.429;0.38299999999999995
13.89236;0.5730000000000001;0.29600000000000004
16.20992;0.645;0.258
16.656670000000002;0.659;0.266
16.11419;0.5870000000000001;0.278
15.22886;0.44799999999999995;0.28600000000000003
15.6551;0.257;0.28300000000000003
13.25738;0.13699999999999998;0.25
19.1225;0.034;0.17800000000000002
31.8076;0.0;0.17600000000000002
37.28034;0.0;0.23
41.19201;0.0;0.297
30.64439;0.0;0.365
15.52266;0.0;0.382
8.64891;0.0;0.407
3.05035;0.0;0.436
2.92243;0.0;0.46799999999999997
2.5613;0.0;0.484
2.65032;0.0;0.489
2.79394;0.0;0.501
6.645789999999999;0.0;0.514
9.05246;0.0;0.521
11.16131;0.095;0.511
9.8118;0.28;0.624
9.65523;0.442;0.636
11.7621;0.561;0.588
15.277820000000002;0.584;0.511
14.51276;0.534;0.42700000000000005
14.33012;0.495;0.36
12.48307;0.408;0.312
15.67055;0.30000000000000004;0.281
15.41031;0.17800000000000002;0.237
12.30702;0.051;0.14300000000000002
29.87061;0.0;0.10800000000000001
35.11864;0.0;0.107
49.05631;0.0;0.121
37.76517;0.0;0.159
13.90521;0.0;0.235
7.24758;0.0;0.331
3.64668;0.0;0.42700000000000005
3.16883;0.0;0.48700000000000004
2.6813700000000003;0.0;0.507
2.7362;0.0;0.504
2.5167;0.0;0.505
5.08401;0.0;0.501
9.31391;0.0;0.489
11.49043;0.07;0.44299999999999995
9.318;0.221;0.521
10.76887;0.38;0.544
12.41001;0.562;0.488
12.48478;0.625;0.436
11.74947;0.634;0.425
15.77165;0.5740000000000001;0.425
11.23743;0.469;0.42700000000000005
16.472279999999998;0.316;0.43
15.11666;0.151;0.38299999999999995
19.75316;0.028999999999999998;0.248
24.25663;0.0;0.166
39.61859000000001;0.0;0.159
32.92188;0.0;0.177
32.87509;0.0;0.207
15.0382;0.0;0.239
7.60769;0.0;0.267
3.94941;0.0;0.28800000000000003
1.92747;0.0;0.292
2.64115;0.0;0.301
2.73451;0.0;0.315
2.92194;0.0;0.331
6.8548300000000015;0.0;0.34500000000000003
8.03;0.0;0.331
11.63813;0.078;0.278
11.41729;0.245;0.28800000000000003
10.46032;0.418;0.353
10.61334;0.536;0.36200000000000004
12.30357;0.601;0.335
13.2661;0.613;0.312
11.66345;0.5720000000000001;0.299
14.45241;0.486;0.29100000000000004
14.37071;0.34900000000000003;0.28500000000000003
13.25262;0.18100000000000002;0.271
15.212179999999998;0.039;0.21100000000000002
27.69598;0.0;0.206
29.87875;0.0;0.228
39.79459;0.0;0.261
29.78901;0.0;0.306
15.85152;0.0;0.327
7.20772;0.0;0.321
3.97739;0.0;0.31
2.23972;0.0;0.309
3.14158;0.0;0.307
2.99877;0.0;0.29100000000000004
3.11897;0.0;0.266
5.37028;0.0;0.239
6.67635;0.0;0.212
9.65003;0.08700000000000001;0.166
8.06426;0.27399999999999997;0.147
9.64929;0.449;0.215
11.67705;0.5700000000000001;0.21899999999999997
13.69012;0.6409999999999999;0.222
14.62215;0.66;0.21899999999999997
13.78749;0.59;0.20199999999999999
9.88916;0.505;0.182
12.39218;0.373;0.166
13.18061;0.205;0.149
15.69604;0.049;0.11
23.67777;0.0;0.10800000000000001
30.0474;0.0;0.08800000000000001
37.03998;0.0;0.066
26.36332;0.0;0.046
16.194000000000006;0.0;0.038
8.54081;0.0;0.053
2.55056;0.0;0.09300000000000001
3.02235;0.0;0.145
2.86722;0.0;0.192
3.3714800000000005;0.0;0.223
2.56935;0.0;0.237
6.69649;0.0;0.24100000000000002
9.51887;0.001;0.228
13.18428;0.12300000000000001;0.185
8.91902;0.331;0.102
12.56692;0.498;0.146
15.27723;0.624;0.15
17.454060000000002;0.687;0.147
15.23399;0.7020000000000001;0.135
15.84598;0.667;0.12
14.15626;0.588;0.10800000000000001
16.42755;0.46;0.103
14.95745;0.28300000000000003;0.095
16.42219;0.081;0.077
25.10402;0.0;0.091
35.5681;0.0;0.078
46.36578;0.0;0.047
31.64776;0.0;0.017
17.76376;0.0;0.005
9.72168;0.0;0.006
4.3629;0.0;0.02
3.2719400000000003;0.0;0.053
3.73554;0.0;0.09699999999999999
2.95417;0.0;0.14
2.98301;0.0;0.17600000000000002
6.0057;0.0;0.205
9.51472;0.001;0.228
11.25372;0.151;0.22
10.37936;0.366;0.151
10.20338;0.529;0.17800000000000002
14.852479999999998;0.639;0.16899999999999998
15.25682;0.6970000000000001;0.14400000000000002
17.20101;0.708;0.118
13.44909;0.6709999999999999;0.094
13.96233;0.591;0.079
15.48263;0.46;0.073
13.39165;0.267;0.07200000000000001
19.42498;0.073;0.068
30.24987;0.0;0.094
36.16431;0.0;0.092
43.09331;0.0;0.07100000000000001
26.02178;0.0;0.049
14.98359;0.0;0.042
8.90585;0.0;0.052000000000000005
4.0472800000000015;0.0;0.08
2.63958;0.0;0.126
2.68702;0.0;0.17
2.89343;0.0;0.203
3.20882;0.0;0.231
7.05337;0.0;0.251
9.12136;0.001;0.256
11.43961;0.13;0.217
9.85434;0.337;0.121
11.60787;0.506;0.147
12.84886;0.631;0.146
18.21401;0.6940000000000001;0.121
17.3156;0.7090000000000001;0.092
17.44634;0.6759999999999999;0.069
14.550720000000002;0.598;0.054000000000000006
18.19355;0.46799999999999997;0.048
14.32471;0.289;0.047
21.66852;0.08600000000000001;0.047
29.04456;0.0;0.064
34.24559;0.0;0.044000000000000004
46.99794;0.0;0.018000000000000002
33.26948;0.0;0.011000000000000001
18.50444;0.0;0.027999999999999997
9.23408;0.0;0.069
3.93365;0.0;0.122
2.56604;0.0;0.172
2.6743200000000003;0.0;0.207
2.89805;0.0;0.23399999999999999
2.83748;0.0;0.267
5.40269;0.0;0.299
8.515989999999999;0.001;0.318
11.34751;0.14400000000000002;0.28400000000000003
10.26615;0.355;0.27399999999999997
9.1809;0.52;0.48200000000000004
10.77567;0.627;0.418
13.7005;0.687;0.32
14.37099;0.6980000000000001;0.254
12.98222;0.66;0.214
14.30962;0.578;0.191
15.7102;0.446;0.17800000000000002
13.08556;0.267;0.17400000000000002
19.61064;0.069;0.14200000000000002
25.76632;0.0;0.171
37.614;0.0;0.21899999999999997
37.48919;0.0;0.27699999999999997
30.52877;0.0;0.337
17.83802;0.0;0.368
8.23243;0.0;0.38299999999999995
3.9398;0.0;0.41
2.39378;0.0;0.424
3.07476;0.0;0.439
2.99132;0.0;0.475
2.41773;0.0;0.511
6.65549;0.0;0.5429999999999999
7.56497;0.0;0.5650000000000001
9.70849;0.111;0.5700000000000001
10.34431;0.315;0.7390000000000001
9.73557;0.467;0.742
11.64729;0.598;0.665
12.86912;0.6629999999999999;0.5479999999999999
15.1871;0.675;0.44299999999999995
15.330329999999998;0.64;0.365
11.89503;0.551;0.318
15.06267;0.40399999999999997;0.292
14.285420000000002;0.213;0.278
16.623829999999998;0.042;0.223
28.413;0.0;0.21600000000000003
36.03402;0.0;0.268
47.97466;0.0;0.33399999999999996
28.04763;0.0;0.386
16.32249;0.0;0.436
10.01043;0.0;0.483
3.3280000000000003;0.0;0.49200000000000005
3.13541;0.0;0.5329999999999999
2.77225;0.0;0.5920000000000001
3.25248;0.0;0.603
3.2943300000000004;0.0;0.599
6.45409;0.0;0.58
11.37065;0.0;0.5650000000000001
12.75219;0.114;0.5579999999999999
10.91055;0.319;0.713
12.24668;0.49;0.735
16.35709;0.605;0.687
16.96885;0.662;0.609
20.42089;0.667;0.524
16.64027;0.643;0.44299999999999995
15.36176;0.555;0.375
15.14746;0.415;0.33399999999999996
16.289279999999998;0.228;0.305
20.74884;0.051;0.247
29.49296;0.0;0.268
38.99602;0.0;0.322
39.96607;0.0;0.36700000000000005
35.55463;0.0;0.397
16.49592;0.0;0.419
10.45162;0.0;0.44299999999999995
4.10848;0.0;0.475
3.2312;0.0;0.514
2.59925;0.0;0.5539999999999999
3.4345800000000004;0.0;0.586
2.69926;0.0;0.617
6.37775;0.0;0.625
9.80883;0.0;0.617
10.84317;0.099;0.631
10.03626;0.294;0.762
11.896;0.466;0.7000000000000001
10.65536;0.613;0.584
16.40561;0.672;0.477
17.291610000000002;0.679;0.395
15.99332;0.6509999999999999;0.335
13.17331;0.562;0.29
15.32439;0.423;0.267
15.19684;0.239;0.258
19.75809;0.055999999999999994;0.217
28.95846;0.0;0.245
34.676190000000005;0.0;0.31
44.66017;0.0;0.385
32.38889;0.0;0.435
16.45635;0.0;0.447
8.24092;0.0;0.475
3.78184;0.0;0.496
2.89437;0.0;0.516
2.59788;0.0;0.544
2.57603;0.0;0.5750000000000001
2.99763;0.0;0.616
6.19268;0.0;0.636
9.60926;0.0;0.627
11.97683;0.113;0.617
9.79275;0.319;0.7390000000000001
10.74946;0.491;0.6709999999999999
10.50865;0.639;0.579
13.23022;0.6970000000000001;0.486
15.02559;0.7040000000000001;0.413
14.27076;0.6659999999999999;0.34900000000000003
12.98601;0.5770000000000001;0.313
14.26815;0.436;0.309
13.8396;0.24600000000000002;0.33299999999999996
19.2355;0.057;0.319
26.57846;0.0;0.371
39.30968;0.0;0.465
34.574459999999995;0.0;0.51
29.09826;0.0;0.5
14.3322;0.0;0.48
8.29091;0.0;0.48200000000000004
4.10072;0.0;0.51
3.03378;0.0;0.537
3.5606800000000005;0.0;0.562
2.98477;0.0;0.586
3.31845;0.0;0.5870000000000001
7.0552600000000005;0.0;0.5740000000000001
9.22297;0.0;0.5529999999999999
15.56084;0.12;0.504
11.8069;0.32899999999999996;0.6509999999999999
11.83929;0.502;0.608
15.26222;0.617;0.48200000000000004
15.357079999999998;0.679;0.354
17.21329;0.6859999999999999;0.237
18.07153;0.6609999999999999;0.165
15.00464;0.579;0.129
19.99537;0.44799999999999995;0.118
17.76555;0.265;0.126
19.16666;0.069;0.14300000000000002
33.30807;0.0;0.249
37.86387;0.0;0.359
41.62934;0.0;0.413
38.43577;0.0;0.414
20.69321;0.0;0.40399999999999997
9.24315;0.0;0.39799999999999996
3.74183;0.0;0.415
2.3621;0.0;0.44299999999999995
2.72532;0.0;0.457
2.7197;0.0;0.44799999999999995
2.00803;0.0;0.43799999999999994
5.28084;0.0;0.434
7.17862;0.0;0.43
11.66283;0.11699999999999999;0.38
9.17495;0.326;0.413
8.36914;0.502;0.331
13.39046;0.611;0.171
12.01634;0.674;0.064
13.2109;0.687;0.017
15.4668;0.632;0.006999999999999999
11.34915;0.5429999999999999;0.003
12.29177;0.411;0.002
14.18057;0.236;0.002
13.66368;0.057;0.019
25.233970000000006;0.0;0.054000000000000006
30.7476;0.0;0.05
49.04756;0.0;0.049
26.00812;0.0;0.083
12.98219;0.0;0.134
6.65195;0.0;0.159
3.49486;0.0;0.17600000000000002
2.58263;0.0;0.201
2.47152;0.0;0.23399999999999999
2.25042;0.0;0.266
2.65896;0.0;0.29
5.82892;0.0;0.312
7.2122;0.0;0.335
11.15158;0.10099999999999999;0.321
7.5056600000000016;0.299;0.32799999999999996
8.881969999999997;0.47;0.261
10.67144;0.59;0.16899999999999998
11.73796;0.6559999999999999;0.105
15.53545;0.6709999999999999;0.055999999999999994
13.959129999999998;0.627;0.027999999999999997
11.61733;0.544;0.019
13.38125;0.412;0.031
14.60077;0.222;0.047
14.08491;0.053;0.065
23.60617;0.0;0.10099999999999999
36.66879;0.0;0.11
44.26045;0.0;0.10800000000000001
28.50243;0.0;0.114
14.0924;0.0;0.134
6.96974;0.0;0.17800000000000002
4.019430000000002;0.0;0.239
2.98129;0.0;0.302
3.09355;0.0;0.35100000000000003
3.13946;0.0;0.382
2.72097;0.0;0.40399999999999997
6.2232400000000005;0.0;0.413
9.35623;0.0;0.395
12.60712;0.08800000000000001;0.353
8.71835;0.27;0.33399999999999996
10.54478;0.431;0.341
16.29167;0.5589999999999999;0.276
13.90245;0.65;0.214
13.92658;0.6829999999999999;0.166
15.79294;0.649;0.126
12.22114;0.5660000000000001;0.10099999999999999
16.90823;0.43200000000000005;0.08600000000000001
17.15019;0.253;0.094
23.56736;0.064;0.111
25.78109;0.0;0.173
44.35123;0.0;0.258
44.81511;0.0;0.332
36.63138;0.0;0.379
18.33798;0.0;0.38799999999999996
9.42846;0.0;0.371
3.85909;0.0;0.37799999999999995
2.26543;0.0;0.382
2.2388;0.0;0.395
2.16028;0.0;0.41700000000000004
2.71591;0.0;0.425
6.111280000000002;0.0;0.415
6.70874;0.0;0.413
9.13368;0.103;0.364
8.55432;0.289;0.457
9.66274;0.44799999999999995;0.45399999999999996
12.61637;0.5690000000000001;0.395
12.83298;0.655;0.354
12.03413;0.674;0.313
15.24744;0.643;0.268
11.97767;0.561;0.22899999999999998
14.49875;0.426;0.2
12.85404;0.226;0.17400000000000002
15.97183;0.048;0.12
21.82908;0.0;0.102
32.89012;0.0;0.08800000000000001
35.08805;0.0;0.076
27.01107;0.0;0.099
15.0621;0.0;0.151
7.304310000000001;0.0;0.209
3.15652;0.0;0.266
2.59585;0.0;0.302
3.07812;0.0;0.321
2.9672;0.0;0.325
2.88069;0.0;0.315
7.45362;0.0;0.28
8.586889999999999;0.0;0.22399999999999998
12.20572;0.08800000000000001;0.171
8.47441;0.261;0.264
11.96089;0.42700000000000005;0.225
13.57316;0.59;0.17400000000000002
15.34024;0.667;0.152
13.6662;0.682;0.132
12.51696;0.64;0.115
16.121170000000006;0.56;0.104
16.59741;0.43;0.09699999999999999
14.440829999999998;0.252;0.091
22.0291;0.064;0.073
28.03599;0.0;0.076
42.38801;0.0;0.069
44.02821;0.0;0.059
26.86278;0.0;0.06
12.92677;0.0;0.09300000000000001
9.3269;0.0;0.153
3.79188;0.0;0.22
1.99017;0.0;0.275
2.75663;0.0;0.304
2.47633;0.0;0.303
2.43863;0.0;0.29100000000000004
5.56914;0.0;0.28200000000000003
8.40869;0.0;0.26899999999999996
10.23409;0.118;0.239
8.414639999999999;0.324;0.336
10.16768;0.496;0.373
9.98766;0.632;0.304
14.38958;0.6920000000000001;0.24600000000000002
12.5613;0.7020000000000001;0.2
13.73533;0.6559999999999999;0.163
11.72183;0.5630000000000001;0.139
15.13112;0.423;0.127
11.15977;0.24600000000000002;0.135
15.34831;0.065;0.13699999999999998
24.43816;0.0;0.182
27.64975;0.0;0.212
32.09467;0.0;0.223
32.07589;0.0;0.253
17.76031;0.0;0.302
7.2603300000000015;0.0;0.35100000000000003
3.07398;0.0;0.395
